generation,N_shifts,logPrior,logLik,eventRate,acceptRate
0,0,1.18677,-125.303,1,0
10000,0,0.985424,-101.311,0.534173,0.327
20000,0,1.14019,-101.232,0.407971,0.357
30000,0,-0.0917143,-101.059,1.94283,0.305
40000,0,0.4969,-103.732,0.697925,0.298
50000,0,1.05603,-101.019,0.232057,0.324
60000,0,1.41634,-101.482,0.188718,0.330333
70000,0,-0.72719,-102.732,2.11393,0.322
80000,0,1.6501,-101.808,0.00880136,0.3538
90000,0,1.6843,-100.351,0.0259857,0.329667
100000,0,-1.87923,-103.015,1.65135,0.30075
110000,0,1.02941,-100.158,0.079063,0.3216
120000,0,1.63566,-101.54,0.07982,0.3345
130000,0,-0.330672,-101.217,1.79397,0.331143
140000,0,1.69525,-100.108,0.217799,0.368
150000,0,-0.182769,-103.169,1.9467,0.354
160000,0,1.28812,-101.096,0.197871,0.3354
170000,0,1.37329,-100.375,0.30422,0.361
180000,0,1.33767,-101.071,0.423049,0.353
190000,0,1.40261,-100.524,0.382994,0.341
200000,1,0.618397,-102.888,0.60119,0.353
210000,0,0.502083,-101.869,1.02591,0.31
220000,0,1.27616,-101.038,0.763374,0.3426
230000,0,1.49711,-100.342,0.358863,0.327
240000,0,1.44001,-103.209,0.189584,0.313
250000,0,-0.557334,-102.085,1.92347,0.334
260000,0,1.48197,-100.162,0.437753,0.345
270000,0,1.00208,-100.244,1.0268,0.367
280000,1,0.193506,-101.03,0.607389,0.4075
290000,0,0.478742,-100.628,1.25794,0.308889
300000,0,0.994071,-101.628,0.131407,0.341667
310000,0,0.679391,-101.724,0.410089,0.328167
320000,0,0.43415,-101.503,0.618901,0.304
330000,0,-0.266772,-103.783,0.783522,0.302
340000,1,1.24644,-103.154,0.817608,0.342
350000,0,1.8648,-100.259,0.0107528,0.394
360000,0,0.508973,-101.563,0.59862,0.309
370000,0,0.685839,-101.428,0.510623,0.325833
380000,0,1.14099,-100.499,0.605895,0.372
390000,0,0.411102,-101.697,0.499271,0.323778
400000,0,1.50422,-100.89,0.0386387,0.336
410000,0,1.75577,-101.135,0.183067,0.318
420000,0,-0.255879,-102.814,0.538017,0.274
430000,0,0.878317,-101.984,0.579091,0.326714
440000,0,1.37732,-100.304,0.432108,0.351
450000,0,1.8841,-100.347,0.0282771,0.278
460000,0,0.952122,-100.355,0.931932,0.353
470000,0,0.344301,-100.565,1.41529,0.346875
480000,0,1.64768,-100.888,0.0513628,0.313
490000,0,1.20149,-101.647,0.853226,0.337231
500000,0,1.67768,-100.949,0.217261,0.349
510000,0,1.28231,-100.408,0.531354,0.3615
520000,0,1.59601,-100.972,0.0728056,0.3265
530000,0,-0.131661,-102.187,1.30226,0.295
540000,0,1.16277,-100.954,0.260079,0.303
550000,0,1.72402,-100.462,0.106257,0.29
560000,0,1.86707,-100.285,0.0891867,0.304
570000,0,1.32578,-100.756,0.645551,0.355
580000,0,1.03565,-101.788,0.493116,0.348313
590000,0,1.18837,-102.546,0.0512234,0.318
600000,0,1.13833,-101.079,0.498251,0.31
610000,0,1.25184,-100.436,0.486117,0.35225
620000,0,-1.50379,-103.365,0.829709,0.388
630000,0,1.43984,-100.586,0.268295,0.3585
640000,0,1.52443,-100.556,0.425934,0.323
650000,0,0.565279,-101.331,0.971589,0.362353
660000,0,1.15156,-100.168,0.685097,0.405
670000,0,-1.51678,-100.049,0.742607,0.357333
680000,0,1.47174,-102.447,0.158954,0.317
690000,0,1.28935,-100.39,0.689251,0.353857
700000,0,0.766537,-104.188,0.693506,0.322636
710000,0,1.51913,-101.128,0.137669,0.332
720000,0,-0.109934,-100.527,1.29813,0.384
730000,0,1.66032,-100.787,0.168673,0.339125
740000,0,1.4902,-100.236,0.412772,0.346455
750000,0,0.617423,-101.321,0.68688,0.331667
760000,0,1.55642,-100.61,0.320749,0.332286
770000,0,1.51489,-100.321,0.32333,0.361
780000,0,1.79287,-101.133,0.207538,0.362
790000,0,0.625834,-104.45,0.957212,0.34
800000,0,1.78278,-101.787,0.0936013,0.351538
810000,0,1.6195,-100.872,0.0196969,0.29
820000,0,1.16511,-101.613,0.72291,0.308
830000,0,0.0126186,-104.023,0.0074331,0.374
840000,0,1.45187,-100.386,0.331847,0.337667
850000,0,1.55342,-101.045,0.13025,0.358444
860000,0,1.205,-101.329,0.170951,0.312
870000,0,1.45286,-101.466,0.219584,0.303
880000,0,-0.571587,-99.9447,1.62158,0.345667
890000,0,1.62548,-100.372,0.216466,0.326
900000,0,0.890254,-101.917,0.204196,0.309
910000,0,0.285076,-101.612,0.592783,0.295
920000,0,1.01779,-101.344,0.446172,0.3175
930000,0,0.902886,-104.839,0.204224,0.353176
940000,0,0.802573,-100.273,0.532626,0.405
950000,0,1.50063,-100.147,0.355092,0.326
960000,0,0.753963,-100.269,1.06581,0.314
970000,0,0.726281,-100.868,0.783301,0.328
980000,0,1.40355,-100.519,0.469347,0.391
990000,0,0.97751,-101.25,0.130884,0.33
1000000,0,1.62979,-100.978,0.0448399,0.342
1010000,0,1.24371,-102.047,0.63627,0.3405
1020000,0,1.54143,-100.667,0.341977,0.351
1030000,0,1.23686,-101.065,0.0565486,0.238
1040000,0,1.24018,-101.732,0.318554,0.303
1050000,0,0.932782,-102.667,0.435112,0.342
1060000,0,-0.0628891,-101.46,0.0556426,0.383
1070000,0,0.410841,-100.243,0.0938828,0.412
1080000,0,1.47515,-102.153,0.356463,0.322
1090000,0,1.8644,-100.559,0.0199359,0.351625
1100000,0,0.906476,-101.484,0.923975,0.352
1110000,0,1.29607,-100.542,0.609838,0.343
1120000,0,1.24116,-101.018,0.120838,0.3315
1130000,0,1.40908,-100.973,0.117114,0.295
1140000,0,1.44422,-100.679,0.323678,0.301
1150000,0,1.75216,-100.316,0.171394,0.312667
1160000,1,0.674471,-100.925,2.03672,0.339
1170000,0,1.2318,-102.098,0.298344,0.345
1180000,0,1.03659,-102.039,0.28243,0.341571
1190000,0,1.06898,-100.686,0.581538,0.322
1200000,0,1.52821,-100.339,0.374595,0.337667
1210000,0,1.66282,-104.027,0.121173,0.336
1220000,0,1.54044,-100.59,0.410114,0.324167
1230000,0,0.256346,-100.915,1.38591,0.306
1240000,0,0.480926,-102.112,0.81428,0.256
1250000,0,1.62854,-101.369,0.0297228,0.3185
1260000,0,1.18062,-102.234,0.133123,0.320333
1270000,0,-1.08215,-100.549,0.58914,0.359
1280000,0,1.56265,-102.256,0.0509544,0.3146
1290000,0,0.679071,-100.324,1.14762,0.315833
1300000,0,-2.85098,-100.068,0.350107,0.327778
1310000,0,1.08465,-103.585,0.0937142,0.3515
1320000,0,0.442406,-100.383,0.264441,0.435
1330000,0,1.14513,-101.09,0.457147,0.374667
1340000,0,-0.926389,-101.048,0.791008,0.313
1350000,0,1.06041,-100.451,0.629899,0.343833
1360000,0,0.306443,-102.391,0.479728,0.288
1370000,0,1.42187,-100.043,0.207826,0.368
1380000,0,1.40517,-100.462,0.393789,0.328
1390000,0,0.611548,-101.343,0.769535,0.32
1400000,1,2.62872,-100.897,0.535645,0.365
1410000,1,1.63713,-105.914,0.942982,0.372
1420000,0,1.22872,-101.405,0.21162,0.367
1430000,0,1.19945,-101.347,0.428587,0.35
1440000,0,-0.403652,-100.63,1.72876,0.3505
1450000,0,0.43942,-100.199,1.51299,0.33
1460000,0,0.131342,-100.704,1.70904,0.326
1470000,0,1.65259,-100.491,0.218699,0.346
1480000,0,1.6206,-100.61,0.112196,0.344
1490000,0,-0.219708,-102.549,1.61126,0.311667
1500000,0,1.64296,-100.624,0.202765,0.319
1510000,0,1.95693,-101.038,0.00335872,0.33625
1520000,0,1.9136,-100.458,0.0122763,0.331
1530000,0,1.2993,-100.791,0.349939,0.357
1540000,0,0.893787,-101.491,0.228572,0.304
1550000,0,1.57952,-100.021,0.228491,0.366
1560000,0,1.05193,-100.623,0.720054,0.330857
1570000,0,1.18568,-100.882,0.448716,0.315
1580000,0,1.19045,-100.609,0.584832,0.271
1590000,0,1.45373,-101.094,0.474268,0.341424
1600000,1,2.34323,-100.435,0.885741,0.400333
1610000,0,0.951029,-101.31,0.547061,0.342
1620000,0,-0.0583694,-102.142,1.70901,0.26
1630000,0,0.951335,-101.446,0.564786,0.3065
1640000,0,-0.098311,-103.498,1.271,0.335857
1650000,0,0.69155,-101.901,0.285364,0.282
1660000,0,-1.2574,-108.073,2.66385,0.321
1670000,0,0.734362,-101.575,0.930715,0.374
1680000,0,1.11752,-100.748,0.643366,0.348429
1690000,0,1.23632,-101.68,0.196803,0.319333
1700000,0,1.57223,-100.654,0.129596,0.284667
1710000,0,0.927121,-100.56,0.672175,0.322
1720000,1,2.04895,-100.38,1.11394,0.334643
1730000,0,0.754001,-100.919,0.77789,0.31
1740000,0,0.997239,-100.262,0.816067,0.306
1750000,0,-1.09236,-101.843,0.795278,0.346333
1760000,0,1.70026,-100.303,0.298937,0.359
1770000,0,1.61705,-100.824,0.0896985,0.403
1780000,0,1.1613,-101.577,0.202182,0.337
1790000,0,1.15653,-101.629,0.227385,0.362
1800000,0,1.60601,-101.081,0.178615,0.358
1810000,0,-1.00362,-100.712,0.115479,0.404
1820000,0,1.20566,-101.583,0.531041,0.362
1830000,0,1.28247,-101.409,0.310236,0.281
1840000,0,0.527587,-99.9883,0.385986,0.37
1850000,0,1.67005,-100.76,0.299356,0.362333
1860000,0,0.453719,-100.727,0.0555468,0.335143
1870000,0,0.644138,-102.871,0.285639,0.38
1880000,0,0.465504,-101.921,0.263469,0.353625
1890000,0,-0.52213,-101.477,0.0482515,0.381
1900000,0,1.42031,-101.097,0.209701,0.278
1910000,0,0.39263,-101.228,0.815167,0.301
1920000,0,-2.83309,-101.268,1.52651,0.365
1930000,0,0.572001,-101.617,0.0003402,0.329
1940000,0,1.78938,-100.944,0.0154378,0.371
1950000,0,0.162672,-102.796,1.22087,0.3945
1960000,0,0.623044,-101.244,0.524035,0.361
1970000,0,1.45803,-100.239,0.404544,0.336
1980000,1,0.250823,-102.096,0.683518,0.357071
1990000,0,-0.0586448,-102.228,0.983299,0.267
2000000,0,1.36088,-101.512,0.474186,0.373
2010000,0,0.521045,-101.924,0.362019,0.375
2020000,0,1.73099,-100.628,0.100738,0.388
2030000,0,0.519199,-100.798,1.16733,0.303
2040000,0,1.18693,-100.626,0.533719,0.358375
2050000,0,1.72932,-100.602,0.282458,0.335857
2060000,0,1.66845,-100.748,0.233591,0.322
2070000,0,0.631925,-100.867,0.806693,0.286
2080000,0,0.998272,-100.296,0.866593,0.36075
2090000,0,0.284406,-100.606,1.30983,0.341667
2100000,0,1.82484,-100.448,0.0300133,0.363
2110000,0,1.41425,-101.911,0.00853346,0.341
2120000,0,0.276916,-102.571,0.516186,0.340241
2130000,0,0.0302633,-105.743,0.0906435,0.298
2140000,0,0.406301,-102.427,0.784217,0.367
2150000,0,1.55684,-100.38,0.239763,0.362
2160000,0,1.21359,-101.258,0.567937,0.338417
2170000,0,-0.205299,-102.051,1.06627,0.295
2180000,0,0.900477,-100.473,0.861567,0.389
2190000,0,1.81341,-100.587,0.0298213,0.3249
2200000,0,1.28405,-102.431,0.390193,0.316429
2210000,0,0.293499,-102.504,0.20064,0.3695
2220000,0,0.359746,-101.464,1.16546,0.297
2230000,0,1.34424,-100.552,0.496982,0.306
2240000,0,1.55188,-100.49,0.307624,0.308
2250000,0,1.14052,-102.761,0.263724,0.322579
2260000,0,0.659265,-101.17,0.545349,0.307
2270000,0,-0.488065,-103.844,0.433549,0.335
2280000,0,1.10894,-99.9852,0.392334,0.3625
2290000,0,0.969268,-102.067,0.470526,0.325
2300000,0,0.35247,-102.308,1.37872,0.359
2310000,0,1.09821,-101.755,0.0344632,0.384
2320000,0,1.14725,-101.389,0.268473,0.288
2330000,0,0.293756,-103.859,0.664925,0.418
2340000,0,1.4791,-100.159,0.399829,0.3435
2350000,1,-1.84373,-104.271,2.05852,0.307
2360000,0,0.548259,-100.073,0.0886551,0.357
2370000,0,1.50403,-101.266,0.202217,0.3232
2380000,0,1.13687,-100.897,0.394951,0.324
2390000,0,1.25141,-102.237,0.253405,0.367
2400000,0,1.25002,-100.179,0.315006,0.338294
2410000,1,1.60679,-101.317,0.996472,0.4135
2420000,0,1.53734,-100.541,0.249296,0.33
2430000,0,0.193579,-104.401,0.408772,0.3478
2440000,0,1.62413,-100.444,0.0938006,0.315
2450000,0,1.47698,-102.091,0.0277436,0.347
2460000,0,1.71319,-101.619,0.111707,0.367
2470000,0,0.437712,-101.584,0.709583,0.30275
2480000,0,1.15132,-100.594,0.512318,0.3515
2490000,0,1.15717,-101.5,0.41575,0.344
2500000,0,0.981529,-99.9764,0.577069,0.324
2510000,0,1.27283,-100.692,0.240017,0.359375
2520000,0,1.67236,-100.579,0.332033,0.359
2530000,0,1.50513,-101.18,0.136639,0.347
2540000,0,1.38094,-100.135,0.113744,0.345
2550000,0,0.216928,-101.571,0.444384,0.344062
2560000,0,1.57653,-100.651,0.0451425,0.338
2570000,0,1.2119,-101.089,0.322957,0.41
2580000,0,1.44352,-101.365,0.338505,0.373
2590000,0,1.48411,-100.665,0.18048,0.336
2600000,0,1.03911,-100.755,0.406375,0.332115
2610000,0,1.65598,-101.366,0.128264,0.285
2620000,0,0.880622,-100.918,0.499603,0.318
2630000,0,1.47803,-100.877,0.102389,0.381
2640000,0,1.54089,-102.078,0.134804,0.264
2650000,0,0.199623,-100.903,1.43454,0.301462
2660000,1,1.60676,-101.982,0.774361,0.271
2670000,0,1.52946,-100.616,0.133496,0.326
2680000,0,1.88521,-100.681,0.0684461,0.364
2690000,0,-1.48373,-100.305,3.44283,0.335
2700000,0,1.18665,-100.104,0.692729,0.336962
2710000,0,0.279156,-102.307,1.1136,0.332
2720000,0,1.43513,-100.656,0.478166,0.307
2730000,1,1.38388,-99.0538,0.323131,0.307333
2740000,0,0.929704,-100.282,0.91048,0.37875
2750000,0,1.60947,-101.119,0.252478,0.3655
2760000,1,0.894708,-103.859,0.393743,0.2815
2770000,0,0.972934,-100.642,0.658736,0.329
2780000,0,0.747927,-100.143,0.208889,0.307
2790000,0,0.749793,-101.024,1.0171,0.342
2800000,0,-0.903712,-101.98,0.121517,0.3345
2810000,0,0.49719,-101.564,0.704774,0.274
2820000,0,-0.547162,-103.487,0.7548,0.321
2830000,1,0.612272,-102.497,0.872086,0.317
2840000,0,0.632685,-101.003,0.973001,0.32
2850000,0,1.25423,-101.096,0.0227686,0.324
2860000,0,0.784387,-101.635,0.360372,0.337667
2870000,0,1.24129,-101.741,0.378703,0.266
2880000,0,1.60837,-100.336,0.0596528,0.3434
2890000,0,1.72374,-100.304,0.167356,0.346
2900000,0,0.107991,-105.499,0.117651,0.324
2910000,0,0.103894,-101.017,1.31191,0.319
2920000,0,1.14796,-100.709,0.540402,0.333
2930000,0,0.409568,-102.355,0.07049,0.468
2940000,0,1.68765,-100.381,0.0993955,0.3396
2950000,0,-0.126381,-99.9665,1.90961,0.356
2960000,0,0.641125,-102.503,0.0117442,0.258
2970000,0,1.63192,-101.196,0.135172,0.294
2980000,0,1.11552,-101.191,0.528894,0.3534
2990000,0,1.31667,-100.707,0.60024,0.342875
3000000,0,-1.36303,-101.771,0.895135,0.339
3010000,0,1.13925,-101.239,0.341885,0.341
3020000,0,1.69702,-100.336,0.127484,0.32975
3030000,0,0.233957,-101.452,1.31799,0.356
3040000,0,0.594924,-102.575,0.347647,0.3252
3050000,0,0.659472,-101.439,1.16457,0.349
3060000,0,1.24084,-100.499,0.368996,0.285333
3070000,0,1.56684,-100.192,0.226678,0.318
3080000,0,0.75194,-101.792,0.406648,0.365333
3090000,0,0.191685,-100.633,1.55215,0.3422
3100000,0,1.3346,-100.143,0.049341,0.347
3110000,0,1.00434,-102.018,0.886896,0.351
3120000,0,1.66419,-100.258,0.173688,0.337143
3130000,0,1.44837,-101.162,0.0766637,0.287
3140000,0,1.84905,-100.172,0.048179,0.281
3150000,0,0.704426,-100.508,0.736743,0.330625
3160000,0,0.337383,-102.964,0.345905,0.326143
3170000,0,0.926418,-100.574,0.789081,0.32
3180000,0,0.946322,-102.134,0.0189191,0.347
3190000,0,-0.0406414,-104.799,1.45043,0.329
3200000,0,0.359401,-100.377,1.39044,0.357
3210000,0,0.256334,-100.924,1.08504,0.340889
3220000,0,1.50885,-103.11,0.0729317,0.319143
3230000,0,1.07155,-100.382,0.74704,0.328
3240000,0,0.42411,-101.059,1.19763,0.35825
3250000,0,-0.144504,-100.11,2.10767,0.378
3260000,0,1.69659,-101.091,0.206085,0.299
3270000,0,1.09201,-101.504,0.174723,0.311143
3280000,0,1.42634,-101.425,0.200041,0.325
3290000,0,-0.156973,-100.314,1.62355,0.401
3300000,0,-1.29502,-103.032,1.33926,0.342
3310000,0,0.704862,-101.56,0.49895,0.331
3320000,0,0.935243,-101.88,0.288091,0.321
3330000,1,-0.165723,-104.185,1.03896,0.282
3340000,0,-1.42213,-103.846,1.7431,0.329
3350000,0,1.40243,-101.191,0.106139,0.389333
3360000,0,0.77027,-102.676,0.324894,0.347667
3370000,0,-0.325307,-101.145,0.187606,0.343
3380000,0,-0.647184,-100.404,2.56329,0.358
3390000,0,1.2637,-101.022,0.474661,0.29
3400000,0,1.77862,-102.32,0.0822754,0.345636
3410000,0,1.33889,-100.563,0.3221,0.384
3420000,0,1.18512,-101.284,0.7409,0.343
3430000,0,1.75387,-100.412,0.175071,0.308
3440000,0,1.19891,-100.376,0.595897,0.290667
3450000,0,1.87956,-100.701,0.0345134,0.318
3460000,0,-2.67238,-100.211,0.525645,0.33125
3470000,0,1.38364,-100.143,0.624153,0.356
3480000,0,0.437634,-100.041,0.661739,0.33625
3490000,0,1.38169,-100.165,0.394019,0.332273
3500000,0,0.622869,-100.747,1.06872,0.399
3510000,0,1.25831,-100.275,0.0528768,0.357929
3520000,0,0.536411,-103.718,0.724452,0.303667
3530000,0,1.05121,-101.018,0.49898,0.358
3540000,0,1.02453,-100.233,0.822601,0.346
3550000,0,1.46015,-101.458,0.275627,0.367
3560000,0,1.17507,-101.704,0.4596,0.33
3570000,0,1.06337,-100.241,0.845083,0.32125
3580000,0,1.12978,-105.509,0.0861201,0.356
3590000,0,1.36155,-103.632,0.12162,0.3665
3600000,0,1.82163,-100.353,0.0235344,0.4224
3610000,0,0.467267,-102.471,0.571053,0.322
3620000,0,1.66064,-100.162,0.276026,0.344
3630000,0,1.7399,-100.272,0.0888775,0.386
3640000,0,-1.86785,-100.819,2.04353,0.373
3650000,0,0.912881,-102.204,0.0606909,0.235
3660000,0,1.18849,-100.497,0.344719,0.314
3670000,0,1.48244,-99.9813,0.224547,0.394
3680000,0,1.17434,-99.9617,0.597453,0.330778
3690000,1,1.95223,-103.201,0.3826,0.345
3700000,0,1.18897,-100.761,0.47448,0.354
3710000,0,1.22292,-101.084,0.439511,0.358
3720000,0,1.33401,-101.15,0.14751,0.378
3730000,0,0.998743,-101.09,0.322757,0.330429
3740000,0,0.835626,-101.695,0.076374,0.315
3750000,0,0.353283,-100.893,1.35934,0.329857
3760000,0,1.23184,-101.413,0.550012,0.274
3770000,0,0.663702,-101.873,0.0699867,0.264
3780000,0,0.450857,-100.162,1.48862,0.3026
3790000,0,-0.378919,-102.218,0.406482,0.34225
3800000,0,1.1436,-100.114,0.390283,0.342833
3810000,0,1.22473,-100.698,0.278445,0.338
3820000,0,1.5346,-100.866,0.129655,0.374
3830000,0,1.65727,-100.609,0.226787,0.433
3840000,0,0.913751,-100.183,0.0770871,0.334
3850000,0,1.02187,-101.904,0.186908,0.353125
3860000,1,0.748313,-101.046,2.1613,0.3505
3870000,0,1.25552,-100.708,0.325131,0.347
3880000,0,-0.32161,-100.001,0.656066,0.338
3890000,0,1.37581,-100.917,0.188466,0.323625
3900000,0,0.318759,-100.472,1.41991,0.364
3910000,0,1.02144,-100.996,0.548302,0.337
3920000,0,1.38515,-102.715,0.167735,0.34075
3930000,0,1.67485,-103.594,0.339594,0.374875
3940000,0,1.10739,-100.491,0.122914,0.349667
3950000,0,1.70477,-101.026,0.0184321,0.362
3960000,0,1.80829,-100.313,0.0872371,0.319
3970000,0,0.953578,-100.548,0.794477,0.354
3980000,0,0.74775,-101.779,0.119185,0.301
3990000,0,1.54027,-102.735,0.406772,0.347667
4000000,0,1.46555,-101.134,0.243699,0.362
4010000,0,0.418677,-101.049,1.49387,0.324
4020000,0,1.46107,-100.683,0.152804,0.329
4030000,0,-1.59772,-101.529,0.0906518,0.339833
4040000,0,1.8406,-100.221,0.0167486,0.301
4050000,0,0.521488,-102.113,0.390935,0.312
4060000,1,2.55495,-100.814,0.499036,0.359
4070000,0,-0.48512,-101.367,0.315283,0.368
4080000,0,-0.822882,-101.437,1.51924,0.343
4090000,0,0.477668,-102.984,0.569698,0.334667
4100000,0,0.0865361,-101.327,1.50808,0.515
4110000,0,0.69694,-100.641,0.929553,0.318
4120000,0,0.267078,-100.532,1.57709,0.328083
4130000,0,1.07441,-101.135,0.38824,0.325
4140000,0,1.35201,-100.765,0.363601,0.32
4150000,0,0.443362,-102.293,0.0715731,0.337429
4160000,0,1.18574,-103.255,0.0224092,0.355538
4170000,0,1.63283,-100.657,0.0462857,0.304
4180000,0,1.59866,-100.873,0.090073,0.342
4190000,0,1.33923,-100.025,0.594649,0.355
4200000,0,1.68074,-101.355,0.282285,0.33775
4210000,0,0.690301,-101.803,0.456218,0.341417
4220000,0,-0.847912,-102.614,1.62236,0.336
4230000,0,1.09829,-101.137,0.68452,0.342167
4240000,0,0.695391,-101.145,0.229156,0.376
4250000,0,1.69106,-100.129,0.132983,0.35
4260000,0,1.04341,-100.288,0.362023,0.331538
4270000,0,1.01351,-100.66,0.963021,0.338
4280000,0,0.845927,-100.538,0.443042,0.351
4290000,0,0.567995,-102.582,0.964099,0.346
4300000,0,0.303752,-100.766,1.35149,0.358
4310000,0,1.49747,-100.923,0.218793,0.344
4320000,0,0.0928178,-102.938,0.803098,0.29
4330000,0,0.828465,-101.433,0.637152,0.319857
4340000,0,1.72539,-100.653,0.0851403,0.284
4350000,0,1.85062,-100.631,0.0777398,0.322
4360000,0,0.928362,-101.398,0.689238,0.361
4370000,0,0.495575,-101.062,0.944346,0.287
4380000,0,1.16658,-101.351,0.374343,0.30925
4390000,0,1.66156,-100.259,0.367241,0.351
4400000,0,1.80546,-100.437,0.0302101,0.34
4410000,1,0.91031,-100.842,0.241545,0.3345
4420000,0,-1.0731,-100.621,2.69364,0.341091
4430000,0,0.677182,-100.803,0.898803,0.340857
4440000,0,0.7669,-101.662,0.584809,0.343
4450000,0,-0.581025,-100.981,1.97206,0.347
4460000,0,1.61599,-101.837,0.109178,0.317667
4470000,0,0.992536,-100.505,0.782756,0.362
4480000,0,1.66567,-101.03,0.121215,0.34425
4490000,1,1.80544,-103.162,1.53251,0.288
4500000,0,-1.06416,-105.3,0.708353,0.348833
4510000,0,1.65973,-100.707,0.090911,0.342
4520000,0,-0.084858,-100.224,1.16102,0.33725
4530000,0,1.31896,-101.996,0.128987,0.311
4540000,0,-0.0777644,-102.617,1.32309,0.341526
4550000,1,1.44679,-102.225,0.172111,0.345
4560000,0,1.47553,-101.039,0.257646,0.32625
4570000,0,1.45415,-101.661,0.407081,0.343
4580000,0,1.26407,-101.151,0.24302,0.329375
4590000,0,0.586983,-102.007,1.00702,0.316
4600000,0,0.812501,-100.572,0.904955,0.323
4610000,0,1.58141,-100.321,0.225432,0.3376
4620000,0,0.907156,-100.653,0.736601,0.337
4630000,0,-0.11639,-101.786,0.0819842,0.348286
4640000,0,0.607806,-103.764,0.0398647,0.265
4650000,0,0.534859,-101.051,0.773996,0.3708
4660000,0,0.15851,-100.542,1.8225,0.333714
4670000,0,0.885287,-99.9905,0.13085,0.3526
4680000,0,-0.796731,-103.505,1.26492,0.335235
4690000,0,-0.817368,-103.875,0.854597,0.308
4700000,0,0.952998,-102.832,0.399507,0.338
4710000,0,1.53308,-101.044,0.39185,0.343
4720000,0,0.0891667,-101.135,1.71516,0.3605
4730000,0,0.809639,-100.572,0.94077,0.349
4740000,0,0.590662,-101.835,0.144549,0.284
4750000,1,3.40865,-101.262,0.337614,0.337
4760000,0,0.713935,-100.848,0.948455,0.381
4770000,0,0.529803,-100.352,0.708079,0.255
4780000,0,0.986105,-102.857,0.357961,0.348
4790000,0,1.17145,-100.303,0.339956,0.331529
4800000,0,0.996472,-100.675,0.618739,0.343556
4810000,0,0.785863,-102.194,0.195743,0.327
4820000,0,1.01813,-100.566,0.772662,0.327667
4830000,0,1.80228,-100.907,0.0297332,0.313
4840000,0,1.67957,-101.725,0.00783867,0.344889
4850000,0,1.36326,-100.891,0.11377,0.364
4860000,0,1.47566,-103.63,0.205602,0.261
4870000,0,1.74608,-100.161,0.219459,0.319
4880000,0,0.641126,-100.067,1.00657,0.31
4890000,0,1.26364,-100.029,0.641834,0.326833
4900000,0,1.20965,-100.528,0.508826,0.336
4910000,0,0.77698,-101.02,0.849139,0.3325
4920000,0,-0.279755,-103.684,0.274568,0.3556
4930000,0,1.47356,-100.461,0.30191,0.389
4940000,0,1.44652,-100.72,0.308192,0.345379
4950000,0,0.123903,-102.174,0.666645,0.3245
4960000,0,1.25596,-100.78,0.47602,0.352
4970000,0,1.4712,-100.694,0.108183,0.294
4980000,0,0.382192,-102.314,0.660208,0.292
4990000,0,1.69806,-100.72,0.00434649,0.3425
5000000,0,1.25066,-104.205,0.738561,0.342
5010000,0,1.15508,-101.139,0.046794,0.307875
5020000,0,1.71734,-101.367,0.30276,0.325857
5030000,0,1.71254,-100.25,0.219355,0.329375
5040000,0,1.3993,-100.807,0.0760581,0.289
5050000,0,0.970188,-100.088,0.984673,0.360333
5060000,0,-0.980796,-100.583,2.50906,0.371
5070000,0,0.0490699,-102.79,0.726395,0.31625
5080000,0,1.67854,-100.408,0.171192,0.351
5090000,0,0.808833,-100.667,0.869634,0.369
5100000,0,0.00064244,-100.041,1.11128,0.286
5110000,0,1.02993,-101.339,0.120918,0.331
5120000,0,0.922145,-101.044,0.693409,0.3372
5130000,0,1.71295,-100.683,0.159494,0.349
5140000,0,0.144459,-104.847,0.100282,0.362
5150000,1,-1.47622,-103.76,0.962138,0.336333
5160000,0,1.19265,-100.426,0.0530494,0.339182
5170000,0,0.531007,-102.999,0.0616208,0.319
5180000,0,0.818526,-102.419,0.260206,0.313
5190000,0,0.727714,-101.738,0.890814,0.282
5200000,0,0.266494,-100.601,0.499251,0.358
5210000,0,-0.0336259,-100.296,1.67426,0.318667
5220000,1,1.17048,-100.286,1.23958,0.3255
5230000,0,0.917833,-101.936,0.0520831,0.3078
5240000,0,1.60683,-100.554,0.255188,0.314333
5250000,0,1.59223,-101.353,0.0441849,0.351333
5260000,0,1.31348,-100.483,0.230597,0.344182
5270000,0,1.15984,-100.817,0.289905,0.321364
5280000,0,0.169371,-101.106,1.17727,0.322833
5290000,0,1.84463,-100.177,0.0529566,0.367
5300000,0,0.00656766,-100.972,0.692273,0.3461
5310000,0,-0.206206,-101.857,1.32204,0.324
5320000,1,2.06813,-100.407,0.427258,0.3359
5330000,0,1.12091,-100.122,0.557376,0.322
5340000,0,1.10416,-101.247,0.485433,0.3402
5350000,0,1.69148,-100.782,0.208336,0.342
5360000,0,1.57405,-101.94,0.00739912,0.288
5370000,0,-0.761235,-101.252,2.03298,0.321
5380000,0,0.0361222,-101.964,1.52216,0.344
5390000,0,1.42084,-100.735,0.503095,0.324
5400000,0,0.543253,-101.683,0.438254,0.3065
5410000,0,1.40036,-101.093,0.285444,0.286
5420000,0,1.26192,-101.782,0.423967,0.363667
5430000,0,1.21741,-101.024,0.312862,0.34228
5440000,0,1.48275,-100.464,0.194896,0.382
5450000,0,1.46617,-100.585,0.230931,0.379667
5460000,0,1.40374,-100.395,0.438575,0.271
5470000,0,1.22191,-100.481,0.643063,0.318
5480000,0,0.811052,-101.011,1.04968,0.326
5490000,0,0.299694,-101.19,1.36445,0.362
5500000,0,0.99667,-100.697,0.765933,0.45
5510000,0,1.5014,-101.042,0.375306,0.338667
5520000,0,1.66969,-102.983,0.0183467,0.38
5530000,0,1.52635,-100.675,0.144724,0.307
5540000,0,1.30151,-101.567,0.38794,0.347111
5550000,0,0.892741,-100.527,0.863148,0.325727
5560000,0,1.56169,-101.884,0.0617861,0.348
5570000,0,1.39457,-101.726,0.496258,0.354
5580000,0,0.650988,-102.464,0.656675,0.353091
5590000,0,-0.174841,-105.715,0.467552,0.323545
5600000,0,1.39896,-100.791,0.273651,0.351667
5610000,0,1.29132,-101.153,0.38012,0.332667
5620000,0,1.82307,-100.453,0.14387,0.3517
5630000,0,0.554582,-101.795,0.347876,0.331875
5640000,0,-0.796977,-104.809,0.536921,0.3425
5650000,0,0.759422,-101.904,0.302885,0.271
5660000,0,1.51913,-101.792,0.106427,0.354
5670000,0,0.995366,-100.021,0.82679,0.355857
5680000,0,1.45775,-100.682,0.413698,0.346
5690000,0,1.90449,-100.083,0.0867054,0.385
5700000,0,-0.0951178,-102.433,1.45901,0.327
5710000,0,1.25971,-101.343,0.486497,0.3254
5720000,0,-0.21901,-105.329,1.14828,0.315
5730000,0,0.980361,-101.074,0.379079,0.341
5740000,0,0.383266,-101.579,1.10345,0.361167
5750000,0,1.57702,-100.421,0.27162,0.361
5760000,0,1.51422,-100.425,0.277716,0.329
5770000,0,-3.77096,-105.5,3.94238,0.292
5780000,0,-0.506494,-101.751,1.9963,0.34125
5790000,0,1.52453,-100.489,0.212271,0.363
5800000,0,1.36733,-101.132,0.332945,0.364
5810000,0,1.12325,-104.141,0.185676,0.3252
5820000,0,0.916122,-102.785,0.662863,0.3453
5830000,0,0.609082,-102.311,0.45975,0.365091
5840000,0,0.47216,-103.885,1.00831,0.293714
5850000,0,1.20988,-101.469,0.0802084,0.412333
5860000,0,1.37945,-101.079,0.215545,0.344
5870000,0,-0.366199,-104.873,0.0966898,0.324643
5880000,1,3.3174,-101.094,0.175733,0.3365
5890000,0,1.20038,-100.688,0.315429,0.34925
5900000,0,0.970469,-102.363,0.0665833,0.348714
5910000,0,0.893402,-100.447,0.944498,0.347
5920000,0,1.29081,-101.398,0.0786648,0.354111
5930000,0,1.75398,-100.416,0.0108101,0.346
5940000,0,0.841407,-102.178,0.339019,0.39
5950000,0,1.8151,-100.6,0.0562435,0.321
5960000,0,0.579914,-101.796,1.16709,0.364
5970000,0,1.08796,-100.735,0.387556,0.337
5980000,0,1.79255,-100.219,0.0600226,0.3592
5990000,0,0.506526,-100.244,1.42019,0.347
6000000,0,1.13533,-100.51,0.551202,0.355
6010000,0,1.44371,-101.562,0.236011,0.283
6020000,0,1.35124,-101.426,0.423052,0.343
6030000,0,1.10614,-101.506,0.429179,0.309
6040000,0,1.4184,-100.581,0.274553,0.34
6050000,0,-0.0537199,-102.797,0.38005,0.31
6060000,0,1.43349,-100.626,0.150313,0.319526
6070000,0,0.827355,-103.11,0.631147,0.253
6080000,0,1.57906,-102.073,0.0300687,0.346
6090000,0,1.45319,-100.258,0.163191,0.361
6100000,0,1.34248,-100.945,0.107288,0.341143
6110000,0,1.37478,-100.892,0.200497,0.333
6120000,0,0.993421,-99.9826,0.231868,0.354
6130000,0,1.74189,-100.202,0.13176,0.332214
6140000,0,1.04025,-101.198,0.131357,0.308
6150000,0,0.373643,-103.08,0.748174,0.336
6160000,0,1.63124,-100.58,0.174397,0.376
6170000,0,1.11649,-101.281,0.637428,0.3463
6180000,0,0.0480743,-100.528,1.34296,0.45
6190000,0,1.19193,-100.37,0.0239873,0.286
6200000,0,0.808031,-102.74,0.0544564,0.2955
6210000,0,1.08515,-100.939,0.892732,0.468
6220000,0,-0.999102,-103.39,2.35656,0.3274
6230000,0,0.440162,-100.3,1.28798,0.357
6240000,0,1.87154,-100.187,0.0181354,0.367
6250000,0,1.22397,-103.279,0.111199,0.34375
6260000,0,1.21474,-101.567,0.110534,0.346
6270000,0,-0.343701,-106.439,0.763784,0.3145
6280000,0,1.00135,-100.805,0.712273,0.3305
6290000,0,1.20116,-102.626,0.0146831,0.352
6300000,0,0.839693,-101.466,0.264327,0.344
6310000,0,0.566058,-102.043,0.320521,0.352333
6320000,1,0.803877,-103.814,1.63873,0.337
6330000,0,0.852987,-101.52,0.0642282,0.309
6340000,0,0.558956,-101.951,0.184038,0.311
6350000,0,1.07279,-101.486,0.454061,0.292
6360000,0,-0.678788,-100.924,0.643971,0.333
6370000,0,1.66,-101.543,0.117424,0.3
6380000,0,0.732987,-101.564,0.239863,0.3472
6390000,0,-1.02723,-99.9754,0.0193135,0.352
6400000,0,1.58813,-101.18,0.277211,0.356667
6410000,0,0.917682,-100.486,0.817804,0.407
6420000,0,-0.472535,-101.604,1.93165,0.3382
6430000,0,1.72666,-101.907,0.175669,0.302
6440000,0,0.683487,-101.905,1.36171,0.335
6450000,0,1.18227,-100.445,0.4949,0.345
6460000,0,1.74282,-101,0.168115,0.336
6470000,0,1.32301,-100.851,0.0160297,0.334
6480000,0,0.211381,-102.203,0.675294,0.31925
6490000,0,-0.0378273,-100.967,0.0876427,0.320545
6500000,0,1.3209,-100.373,0.220954,0.3407
6510000,0,0.928068,-100.88,0.858861,0.323
6520000,0,1.14166,-101.68,0.527236,0.286
6530000,0,1.25046,-100.704,0.00011351,0.31525
6540000,0,1.21994,-100.891,0.1295,0.342
6550000,0,1.10936,-101.388,0.479765,0.348
6560000,0,1.06269,-104.15,0.517895,0.408
6570000,0,1.396,-101.14,0.153363,0.321
6580000,0,0.523688,-101.764,0.386776,0.3654
6590000,0,1.44294,-100.68,0.467705,0.306
6600000,0,1.18252,-100.101,0.0420838,0.346
6610000,0,1.1614,-101.456,0.481213,0.308
6620000,0,0.95564,-101.119,0.422907,0.3842
6630000,0,0.582861,-101.562,0.320226,0.3255
6640000,0,-1.50612,-100.93,1.32429,0.381
6650000,0,1.2183,-101.003,0.474504,0.3418
6660000,0,1.04759,-104.038,0.0814518,0.3425
6670000,0,1.49797,-100.865,0.160843,0.341333
6680000,0,1.11098,-101.403,0.634123,0.3454
6690000,1,0.48884,-102.634,1.9475,0.36
6700000,0,-1.89933,-100.616,1.12188,0.344333
6710000,0,0.733667,-101.724,0.635422,0.338
6720000,1,1.72976,-102.528,1.67816,0.376
6730000,0,1.95722,-100.354,0.0778576,0.295
6740000,0,0.930065,-100.588,0.77356,0.349429
6750000,0,1.54327,-102.346,0.10577,0.415
6760000,0,0.609954,-100.143,0.85513,0.331
6770000,0,-1.30657,-102.451,1.87644,0.275
6780000,0,1.05799,-101.849,0.10492,0.363167
6790000,0,1.14307,-101.604,0.626232,0.340143
6800000,0,1.36603,-100.708,0.121609,0.283
6810000,0,0.746431,-102.003,0.107031,0.395
6820000,0,0.282162,-101.911,0.672453,0.333
6830000,0,-1.64571,-102.382,2.56389,0.269
6840000,0,1.59186,-99.9687,0.140025,0.35
6850000,0,1.74507,-100.22,0.0725343,0.320786
6860000,0,1.53236,-101.592,0.0186146,0.352
6870000,0,1.75455,-100.762,0.200916,0.330667
6880000,0,0.760789,-100.147,0.110257,0.305
6890000,0,0.42549,-107.954,0.331422,0.309
6900000,0,0.383041,-101.015,1.08757,0.34
6910000,0,1.82076,-100.128,0.019007,0.357
6920000,0,1.19551,-100.708,0.19668,0.427
6930000,0,1.63143,-100.684,0.157847,0.3332
6940000,0,1.37628,-100.613,0.503506,0.409
6950000,0,1.22902,-101.105,0.360437,0.329
6960000,0,1.66491,-100.277,0.341991,0.316
6970000,0,0.201824,-103.199,1.06451,0.351
6980000,0,1.65912,-100.452,0.241494,0.363
6990000,0,0.580745,-101.839,0.720336,0.353
7000000,0,1.7592,-100.696,0.0753842,0.321545
7010000,2,4.03061,-100.508,0.511923,0.336
7020000,0,1.33715,-100.832,0.384637,0.348316
7030000,0,0.863839,-100.949,0.0873683,0.432
7040000,0,1.51764,-100.498,0.0501118,0.318222
7050000,0,1.5015,-101.16,0.381758,0.322
7060000,0,1.40099,-102.892,0.129589,0.3136
7070000,0,1.49035,-100.417,0.369772,0.396
7080000,0,1.56378,-103.097,0.098613,0.341
7090000,0,-0.0366642,-101.237,0.883705,0.332
7100000,0,1.18692,-100.872,0.289464,0.328667
7110000,0,0.922733,-100.278,1.04996,0.331
7120000,0,1.57215,-100.68,0.391743,0.35775
7130000,0,0.824125,-101.396,0.70677,0.326
7140000,0,1.26524,-101.81,0.310972,0.356
7150000,0,1.45842,-100.594,0.271018,0.269
7160000,0,0.527067,-101.219,1.42782,0.326
7170000,1,1.96158,-101.48,0.960448,0.422
7180000,0,-0.829757,-100.664,0.554084,0.358667
7190000,0,1.82724,-100.646,0.00250431,0.283
7200000,0,1.45339,-103.89,0.252334,0.364
7210000,0,-0.498026,-100.347,0.772304,0.394
7220000,0,1.44358,-102.284,0.209019,0.375
7230000,0,0.191151,-100.944,1.45479,0.327
7240000,0,1.69859,-100.614,0.0986953,0.34875
7250000,0,1.37825,-103.8,0.266094,0.306
7260000,0,1.10941,-100.23,0.902332,0.355857
7270000,0,0.943523,-102.958,0.469372,0.3345
7280000,0,1.68988,-101.129,0.0866222,0.378
7290000,0,1.10072,-101.488,0.566513,0.347
7300000,0,1.40189,-100.205,0.358158,0.437
7310000,0,1.46414,-101.374,0.0679439,0.371
7320000,0,1.19367,-101.575,0.664473,0.386571
7330000,0,1.49628,-103.863,0.232546,0.310875
7340000,1,2.10661,-101.797,0.741112,0.37
7350000,0,1.7211,-100.845,0.13236,0.348
7360000,0,1.45896,-100.311,0.241076,0.336545
7370000,0,0.677967,-103.095,0.281402,0.318455
7380000,0,0.962462,-100.931,0.0899825,0.368
7390000,0,1.20691,-101.831,0.154157,0.3465
7400000,0,1.69503,-100.041,0.228386,0.36
7410000,1,1.31186,-101.423,1.47794,0.413
7420000,0,1.3012,-101.61,0.367095,0.297
7430000,0,1.14778,-100.64,0.567919,0.32
7440000,0,1.6543,-100.192,0.127915,0.3275
7450000,0,1.30479,-102.839,0.176443,0.332444
7460000,1,-4.73661,-101.319,1.6092,0.298
7470000,0,1.04508,-100.465,0.694524,0.3295
7480000,0,1.7414,-100.255,0.127136,0.3372
7490000,0,0.763255,-101.659,0.453984,0.35
7500000,0,1.37425,-100.632,0.456834,0.328
7510000,0,0.953989,-100.884,0.64218,0.34575
7520000,0,0.634447,-103.224,0.108624,0.346
7530000,0,0.724399,-99.984,1.00698,0.315667
7540000,0,0.00618284,-101.381,1.20018,0.364
7550000,0,1.16923,-100.006,0.760531,0.336
7560000,0,1.21941,-101.826,0.457174,0.331
7570000,0,1.49194,-101.587,0.034607,0.3625
7580000,0,1.20493,-100.707,0.590372,0.344
7590000,0,0.834431,-101.851,0.716245,0.38
7600000,0,0.57214,-103.822,0.0788242,0.3198
7610000,0,1.83017,-100.169,0.00237002,0.31
7620000,0,1.32746,-100.878,0.0406963,0.335
7630000,0,1.24701,-101.397,0.231461,0.359
7640000,0,1.41651,-100.7,0.38572,0.330143
7650000,0,-0.189342,-101.455,2.05055,0.329286
7660000,0,1.78488,-102.622,0.0373772,0.3204
7670000,0,0.071132,-102.431,0.196225,0.309
7680000,0,1.14162,-100.707,0.437658,0.343
7690000,0,-0.630159,-103.255,1.12023,0.34
7700000,0,0.981646,-99.9694,0.7705,0.32625
7710000,0,1.12856,-101.04,0.384237,0.329375
7720000,0,0.472947,-101.163,0.0721697,0.355
7730000,0,1.35511,-100.37,0.412592,0.3405
7740000,0,0.64336,-100.067,0.165889,0.317
7750000,0,1.24645,-101.625,0.131329,0.36
7760000,0,0.999441,-100.934,0.139724,0.3208
7770000,0,0.370587,-101.401,0.666618,0.279
7780000,0,-2.66336,-100.761,4.2732,0.3495
7790000,0,0.364912,-102.292,0.434093,0.316
7800000,0,1.12261,-102.178,0.32433,0.332
7810000,0,-0.330589,-104.799,0.46469,0.29325
7820000,0,0.584907,-101.128,1.26745,0.36
7830000,0,0.653044,-101.457,0.331157,0.31
7840000,0,1.70142,-100.816,0.230608,0.364632
7850000,0,0.908552,-101.43,0.235777,0.326
7860000,0,1.73518,-104.726,0.0677419,0.34825
7870000,0,0.975151,-102.196,0.125807,0.312
7880000,0,1.52046,-100.44,0.0177223,0.321333
7890000,0,0.758208,-100.034,1.04525,0.333
7900000,0,1.43113,-100.923,0.564317,0.343476
7910000,0,1.48871,-101.107,0.263345,0.341
7920000,0,1.8436,-100.427,0.10234,0.335
7930000,0,0.684587,-100.324,1.30374,0.35025
7940000,0,0.905887,-101.101,0.634137,0.284
7950000,0,1.00398,-102.71,0.0506319,0.334
7960000,0,-0.478074,-102.351,1.93897,0.3225
7970000,0,1.15614,-101.652,0.18631,0.331
7980000,0,1.87673,-100.194,0.0613288,0.341
7990000,0,1.59462,-100.685,0.151061,0.323
8000000,0,1.38894,-100.423,0.418288,0.3365
8010000,0,1.54171,-100.786,0.050852,0.349
8020000,0,1.09474,-100.161,0.580113,0.357
8030000,0,-0.409351,-104.412,0.199968,0.3266
8040000,0,1.5084,-100.716,0.460411,0.334667
8050000,0,0.720305,-101.491,0.511481,0.34725
8060000,0,1.36159,-101.703,0.121103,0.279
8070000,0,1.26483,-102.369,0.1817,0.359
8080000,1,2.29666,-101.095,0.707321,0.3324
8090000,0,0.23245,-101.919,0.697717,0.360333
8100000,0,1.48212,-100.444,0.477294,0.364
8110000,0,0.58669,-101.93,0.554446,0.333
8120000,0,1.56445,-101.855,0.0180088,0.274
8130000,0,0.352568,-100.76,1.21051,0.326615
8140000,0,-1.02626,-100.072,2.43821,0.344333
8150000,0,0.0530949,-101.734,0.804004,0.335
8160000,0,1.12767,-101.424,0.0282796,0.301667
8170000,0,1.28873,-101.971,0.218331,0.409
8180000,0,1.63703,-100.189,0.366418,0.308
8190000,0,0.747879,-102.696,0.254029,0.317
8200000,0,0.997817,-102.388,0.0691563,0.31
8210000,1,1.32933,-99.0411,1.30157,0.563
8220000,0,0.891352,-100.896,0.765474,0.349
8230000,0,1.24789,-101.329,0.155361,0.352
8240000,0,1.25363,-100.123,0.623395,0.340333
8250000,0,1.78211,-100.001,0.130576,0.326583
8260000,0,0.55535,-101.347,0.80596,0.333167
8270000,0,0.733736,-102.681,0.487033,0.372
8280000,0,1.53048,-100.355,0.386976,0.37225
8290000,0,1.73366,-100.615,0.113962,0.325
8300000,0,0.995914,-103.006,0.477299,0.304
8310000,0,1.48784,-100.231,0.45716,0.290667
8320000,0,1.00126,-100.568,0.319963,0.344
8330000,0,1.20321,-101.879,0.329135,0.3485
8340000,0,-0.387245,-102.914,1.344,0.324
8350000,0,-0.460137,-101.606,1.76324,0.336
8360000,0,0.662425,-100.239,1.18206,0.326
8370000,0,1.28553,-100.37,0.340605,0.353
8380000,0,1.90517,-101.046,0.0179143,0.422
8390000,0,1.3793,-103.046,0.392918,0.312
8400000,0,0.0270351,-100.531,1.83358,0.34175
8410000,0,1.53646,-100.466,0.21227,0.3452
8420000,0,0.797243,-101.316,0.937494,0.359
8430000,0,1.76849,-100.945,0.00795571,0.33975
8440000,0,0.757332,-102.258,1.01029,0.352
8450000,0,1.95911,-102.398,0.0574988,0.2984
8460000,0,0.63514,-101.446,0.994082,0.323333
8470000,0,0.566026,-100.478,1.19902,0.33775
8480000,0,0.669109,-100.81,1.14631,0.323
8490000,0,0.468986,-103.368,0.170063,0.33
8500000,0,-3.47559,-100.453,2.79803,0.329
8510000,0,-0.352819,-100.802,0.362282,0.3285
8520000,1,1.72839,-101.844,1.12549,0.417
8530000,0,1.42035,-100.763,0.212029,0.322
8540000,0,0.759276,-99.9923,0.126314,0.315167
8550000,0,1.6689,-100.098,0.0947937,0.362
8560000,0,1.45468,-100.446,0.369981,0.363
8570000,0,0.684227,-103.541,0.37215,0.32
8580000,0,1.06311,-100.481,0.786701,0.333
8590000,0,0.0439398,-102.283,1.1878,0.272
8600000,0,1.67711,-100.282,0.147541,0.34
8610000,0,1.3289,-101.071,0.387506,0.346
8620000,0,0.891348,-102.165,0.336531,0.343
8630000,0,1.26606,-101.318,0.264603,0.35
8640000,0,1.4228,-100.517,0.451386,0.337625
8650000,0,1.29575,-100.8,0.30257,0.291
8660000,0,1.60396,-101.289,0.361126,0.319
8670000,0,0.638069,-102.342,0.815421,0.319
8680000,0,0.97623,-102.989,0.525459,0.295
8690000,1,2.80215,-101.481,0.66214,0.361
8700000,0,0.804077,-101.865,0.100753,0.285
8710000,0,0.330917,-100.456,1.04445,0.338
8720000,0,1.59472,-100.57,0.036653,0.341438
8730000,0,0.912514,-100.617,0.764337,0.335
8740000,1,1.83208,-100.533,1.3898,0.368333
8750000,1,0.858687,-100.56,0.713665,0.34
8760000,0,1.62642,-100.164,0.05944,0.344222
8770000,0,0.0211345,-101.393,0.41924,0.402
8780000,0,0.709792,-100.577,1.02,0.3345
8790000,0,0.136469,-100.446,1.65007,0.299
8800000,0,1.44468,-100.731,0.207683,0.341294
8810000,0,0.978282,-100.904,0.588493,0.318625
8820000,0,0.491764,-102.934,0.348311,0.309
8830000,0,1.38464,-100.183,0.433862,0.354
8840000,0,-0.343309,-105.368,0.18253,0.2825
8850000,0,1.71466,-100.548,0.0706564,0.363
8860000,0,1.36164,-100.458,0.338157,0.32825
8870000,0,0.978191,-103.108,0.840244,0.335308
8880000,0,0.99662,-101.013,0.512059,0.293
8890000,0,0.357355,-101.837,1.02365,0.306
8900000,0,0.599906,-100.562,0.921975,0.357
8910000,0,-0.282172,-102.529,0.690806,0.303
8920000,0,1.26438,-100.874,0.338775,0.289
8930000,0,0.17818,-100.694,1.67876,0.351941
8940000,0,1.67161,-100.729,0.00852441,0.333
8950000,0,0.617674,-100.084,0.364357,0.336
8960000,0,0.871778,-100.475,0.912118,0.321
8970000,0,1.16364,-101.279,0.0656126,0.3451
8980000,0,0.64135,-103.872,0.752835,0.38
8990000,0,1.7858,-100.844,0.0343713,0.339
9000000,0,1.20945,-103.252,0.167699,0.332
9010000,0,0.285685,-99.9713,0.590178,0.339
9020000,0,0.723416,-101.348,1.08146,0.363867
9030000,0,0.807292,-102.718,0.0322523,0.338
9040000,0,1.45616,-101.273,0.284729,0.315
9050000,0,1.35974,-101.141,0.124149,0.335
9060000,0,0.835559,-101.655,0.70464,0.342
9070000,0,1.98234,-100.494,0.037355,0.348833
9080000,0,1.48745,-102.658,0.106678,0.337
9090000,0,0.850045,-101.303,0.304517,0.3425
9100000,0,1.68469,-100.66,0.148429,0.32
9110000,1,2.4957,-101.72,0.48685,0.321333
9120000,0,1.66684,-101.361,0.212557,0.377
9130000,0,1.5943,-100.515,0.268669,0.335
9140000,0,0.893561,-101.761,0.292996,0.3
9150000,0,0.198238,-102.837,0.332027,0.354
9160000,0,-0.318035,-103.704,0.863504,0.34
9170000,0,1.51387,-100.236,0.420381,0.339
9180000,1,2.00045,-101.452,0.793008,0.29325
9190000,0,1.29137,-100.766,0.447411,0.356333
9200000,0,-1.05475,-102.528,0.606468,0.3585
9210000,0,1.61348,-101.316,0.15355,0.2945
9220000,0,1.26602,-100.841,0.619404,0.3405
9230000,0,1.45128,-101.68,0.244995,0.3353
9240000,0,1.37475,-100.796,0.0736005,0.338
9250000,0,1.6096,-101.125,0.110176,0.34
9260000,0,1.36173,-101.029,0.0412202,0.326
9270000,0,1.23355,-102.358,0.592345,0.293
9280000,0,0.495763,-104.51,0.148262,0.319
9290000,0,1.83714,-103.659,0.130968,0.338
9300000,0,0.788106,-101.17,0.559839,0.412
9310000,0,1.1696,-101.183,0.293352,0.285
9320000,0,1.33264,-101.694,0.0063339,0.338231
9330000,0,1.13276,-100.765,0.47482,0.329542
9340000,1,2.55122,-103.05,0.57331,0.366
9350000,0,0.606862,-102.128,0.654158,0.349
9360000,0,1.40219,-101.157,0.0278497,0.31
9370000,0,0.578564,-101.256,1.12165,0.347
9380000,0,1.16736,-102.883,0.44417,0.329833
9390000,0,1.21367,-100.734,0.498705,0.3286
9400000,1,2.62861,-103.014,0.0829763,0.350556
9410000,0,0.869964,-100.828,0.642807,0.3635
9420000,0,1.01523,-101.142,0.32392,0.339714
9430000,0,1.45908,-100.389,0.342791,0.3055
9440000,1,0.588482,-100.658,0.520368,0.347
9450000,0,1.61029,-103.051,0.222745,0.336
9460000,0,0.622974,-101.886,0.178535,0.32775
9470000,0,0.861621,-100.224,0.083575,0.333
9480000,1,-2.41969,-103.016,2.4561,0.322
9490000,0,0.927149,-101.98,0.50666,0.3255
9500000,0,0.669494,-104.607,0.0913567,0.31
9510000,0,1.14113,-101.17,0.518706,0.31
9520000,0,0.596877,-100.992,1.18089,0.324
9530000,0,0.614909,-100.841,1.04304,0.351
9540000,0,0.997378,-101.876,0.550188,0.366154
9550000,0,0.977849,-101.855,0.180811,0.324
9560000,0,1.81581,-100.439,0.0479972,0.341571
9570000,0,1.46919,-100.181,0.354892,0.337375
9580000,0,0.854267,-101.484,0.668234,0.333684
9590000,0,1.76383,-100.964,0.0804989,0.3265
9600000,0,0.873201,-101.207,1.04492,0.35875
9610000,0,1.54615,-101.128,0.0615662,0.261
9620000,0,1.28355,-101.37,0.160005,0.362
9630000,0,1.4788,-101.83,0.0194864,0.328
9640000,0,1.33325,-100.272,0.520754,0.339667
9650000,0,0.991654,-101.087,0.415841,0.308
9660000,0,0.999163,-101.346,0.125817,0.3305
9670000,0,1.4237,-100.373,0.597751,0.348857
9680000,0,1.22349,-100.573,0.372561,0.339167
9690000,0,-0.375826,-101.064,1.69659,0.340273
9700000,2,2.80533,-102.37,0.986279,0.438
9710000,0,1.08134,-101.768,0.13746,0.329
9720000,0,-0.809437,-100.635,0.599113,0.327
9730000,0,1.10904,-103.756,0.552517,0.302
9740000,0,0.896146,-100.199,0.794583,0.352
9750000,0,0.708944,-101.833,0.272221,0.344
9760000,0,0.728183,-101.37,0.327916,0.304333
9770000,0,1.38627,-100.655,0.375268,0.359333
9780000,0,0.953024,-100.552,0.759071,0.355
9790000,0,0.632114,-102.12,0.0697486,0.3
9800000,0,-0.499774,-100.024,1.43071,0.3405
9810000,0,1.18979,-100.294,0.711718,0.301
9820000,0,0.954916,-102.818,0.731772,0.367333
9830000,0,0.643871,-100.121,1.20507,0.298
9840000,2,1.96376,-102.581,1.42525,0.331
9850000,0,0.156707,-101.687,1.08594,0.319
9860000,0,-0.504037,-101.403,0.636374,0.3382
9870000,0,0.64887,-100.792,0.761231,0.305
9880000,0,1.37705,-100.979,0.282749,0.349
9890000,0,1.11928,-101.668,0.11896,0.304
9900000,0,1.28095,-101.294,0.421898,0.343
9910000,0,0.229387,-101.017,0.89415,0.3625
9920000,0,1.46028,-100.982,0.210415,0.295
9930000,0,0.901348,-100.698,0.581558,0.3435
9940000,0,-0.179664,-100.853,0.756746,0.33
9950000,0,1.68977,-100.737,0.359304,0.3615
9960000,0,-0.48169,-100.097,0.437048,0.366
9970000,0,0.631296,-102.21,1.16326,0.334
9980000,0,0.351857,-100.44,1.344,0.301714
9990000,0,0.852193,-100.272,0.904147,0.353
10000000,0,0.50235,-100.885,1.40053,0.32225
10010000,0,1.04741,-100.276,0.178686,0.342
10020000,0,1.15345,-100.15,0.800119,0.349
10030000,0,1.40659,-100.477,0.0478023,0.342
10040000,0,1.30535,-103.061,0.30479,0.32
10050000,0,1.23613,-101.036,0.0144058,0.351378
10060000,0,0.369742,-100.89,0.214834,0.359
10070000,0,1.38281,-100.314,0.473586,0.319
10080000,0,1.50155,-100.435,0.0344411,0.335625
10090000,0,1.05877,-101.292,0.712744,0.3675
10100000,0,0.631881,-102.72,0.134898,0.407
10110000,0,1.77153,-103.552,0.0420298,0.344
10120000,0,1.14208,-101.017,0.521524,0.263
10130000,0,0.997819,-101.241,0.592312,0.355
10140000,0,1.64713,-100.686,0.070889,0.368667
10150000,0,0.430567,-101.904,1.37406,0.334667
10160000,0,1.11948,-100.549,0.345564,0.35175
10170000,0,0.602183,-101.889,0.846133,0.33
10180000,0,-1.95364,-100.763,3.76949,0.323
10190000,0,1.97702,-100.857,0.0399917,0.347364
10200000,0,0.865912,-100.762,0.862635,0.338333
10210000,0,1.11742,-100.556,0.477868,0.33925
10220000,0,-0.219844,-102.188,0.90204,0.298
10230000,0,1.63629,-100.433,0.0455501,0.343
10240000,0,-0.181214,-100.007,0.0568941,0.333
10250000,0,1.06657,-100.255,0.888298,0.384
10260000,0,0.710523,-102.112,0.0386753,0.287
10270000,0,0.736606,-102.514,0.223479,0.404
10280000,0,1.42947,-100.635,0.297573,0.35
10290000,0,1.62822,-100.703,0.114531,0.333059
10300000,0,1.01035,-102.125,0.46103,0.373
10310000,0,0.835581,-101.221,0.63945,0.357
10320000,1,2.96966,-99.4606,0.175262,0.347
10330000,1,0.0325158,-102.514,0.550296,0.343
10340000,0,0.59645,-101.132,0.00643394,0.365
10350000,0,1.41582,-100.742,0.381012,0.34
10360000,0,1.753,-100.434,0.242883,0.345
10370000,0,1.33817,-100.421,0.432326,0.319333
10380000,0,1.25702,-102.827,0.609265,0.384
10390000,0,0.842877,-100.546,0.879356,0.312
10400000,0,1.3671,-101.007,0.274882,0.3455
10410000,0,1.14471,-100.738,0.464525,0.331
10420000,0,-0.559234,-102.305,1.60242,0.439
10430000,0,0.499662,-100.005,1.14492,0.414
10440000,0,0.46333,-101.194,0.758288,0.386
10450000,0,0.746119,-101.138,0.703553,0.332773
10460000,0,1.28902,-100.738,0.0999935,0.252
10470000,0,0.737818,-101.99,0.306375,0.32325
10480000,0,1.63516,-100.547,0.0174784,0.344
10490000,0,0.962256,-100.454,0.801556,0.344
10500000,0,0.657384,-100.285,0.94061,0.34
10510000,0,1.01067,-100.959,0.46087,0.319
10520000,0,0.783484,-100.697,0.97553,0.3375
10530000,0,0.931886,-101.708,0.788246,0.335
10540000,0,-0.157993,-100.566,1.90336,0.320571
10550000,0,1.58709,-101.024,0.0539386,0.363
10560000,0,-0.634731,-100.281,0.180716,0.344
10570000,0,1.3143,-100.476,0.137933,0.331
10580000,0,1.72974,-104.043,0.0360877,0.35825
10590000,0,1.20242,-103.562,0.0859329,0.401667
10600000,0,1.91275,-100.102,0.00762791,0.316
10610000,0,1.27175,-100.745,0.418626,0.366
10620000,0,0.160718,-102.236,0.689237,0.304
10630000,0,0.672459,-100.505,1.27972,0.361
10640000,0,1.51433,-101.19,0.160914,0.361
10650000,0,1.27163,-100.152,0.162455,0.312
10660000,0,0.78241,-100.205,1.03177,0.404
10670000,0,-1.83323,-100.96,0.543978,0.348
10680000,0,1.33359,-100.345,0.439708,0.326
10690000,0,0.00201766,-101.193,1.65771,0.313
10700000,0,1.24459,-103.64,0.234242,0.362
10710000,0,0.642399,-103.927,0.310486,0.336667
10720000,0,0.0212504,-102.105,0.56121,0.343
10730000,0,1.33549,-102.111,0.231759,0.3222
10740000,0,0.963536,-101.248,0.704537,0.338
10750000,0,1.42464,-101.692,0.0505144,0.306
10760000,0,0.509963,-100.323,0.0133939,0.2834
10770000,0,0.428153,-100.703,0.520017,0.318545
10780000,0,1.69824,-100.614,0.0363015,0.378
10790000,0,0.460429,-101.038,1.11237,0.326
10800000,0,1.40895,-101.076,0.032477,0.349667
10810000,0,0.711442,-102.105,1.17647,0.372
10820000,0,1.14014,-100.951,0.413813,0.383
10830000,0,1.12099,-100.531,0.512763,0.331
10840000,0,0.684746,-102.461,0.760708,0.36
10850000,0,0.636152,-100.094,1.12987,0.359
10860000,0,1.27796,-100.895,0.500579,0.34
10870000,0,-1.96834,-103.437,3.34792,0.318
10880000,1,1.50424,-100.842,1.34863,0.354
10890000,0,0.910833,-100.531,1.05041,0.382
10900000,0,1.78801,-100.949,0.106146,0.342167
10910000,0,1.40982,-100.333,0.394504,0.258
10920000,0,-0.00797234,-102.169,0.857952,0.315
10930000,0,0.982048,-101.326,0.641858,0.275
10940000,0,-3.38455,-102.138,0.594908,0.338
10950000,0,0.455504,-101.323,0.605983,0.3204
10960000,0,1.61296,-100.252,0.0177066,0.36
10970000,0,0.615199,-100.461,1.2086,0.316933
10980000,0,1.25351,-100.144,0.025984,0.367143
10990000,0,0.909942,-101.677,0.0313377,0.445
11000000,0,1.5505,-102.416,0.0603432,0.332333
11010000,0,1.13893,-101.271,0.0289911,0.307
11020000,0,1.84453,-100.225,0.0293959,0.346333
11030000,0,1.19737,-101.02,0.308087,0.305
11040000,0,1.25094,-103.857,0.377418,0.286
11050000,1,0.476613,-102.69,1.50385,0.331
11060000,0,1.61982,-100.271,0.309144,0.347
11070000,0,-0.110748,-100.126,2.05379,0.51
11080000,1,1.71775,-103.061,0.264264,0.3242
11090000,0,0.794528,-103.134,0.0383812,0.3405
11100000,0,1.37665,-100.482,0.441944,0.334636
11110000,0,1.25432,-101.098,0.158024,0.4166
11120000,0,1.43804,-100.973,0.418355,0.325818
11130000,0,-0.53813,-100.578,1.98484,0.362538
11140000,0,1.16044,-100.032,0.611096,0.355
11150000,0,0.631211,-101.992,0.775638,0.32
11160000,0,0.668425,-101.198,0.526973,0.323
11170000,0,1.59976,-100.71,0.0720284,0.288
11180000,0,-0.105539,-106.437,0.000461615,0.339727
11190000,0,1.78518,-102.837,0.150226,0.3376
11200000,0,1.48253,-101.266,0.0816611,0.341
11210000,0,0.0149837,-100.629,1.41649,0.333
11220000,0,0.810774,-100.632,0.958358,0.361
11230000,0,0.932963,-102.396,0.893621,0.3465
11240000,0,0.243003,-101.287,0.329628,0.337
11250000,0,1.69886,-101.154,0.0552602,0.3435
11260000,0,0.718539,-99.9538,0.591648,0.317571
11270000,0,0.494269,-101.085,0.0699748,0.391
11280000,0,0.621316,-101.419,0.952695,0.324571
11290000,0,0.454828,-101.155,0.98173,0.301
11300000,0,1.31985,-100.66,0.430731,0.348
11310000,0,-0.677855,-100.461,1.24607,0.357
11320000,0,1.61866,-101.005,0.0333817,0.331
11330000,0,1.04981,-101.223,0.291608,0.338
11340000,0,0.650635,-102.509,1.0377,0.365333
11350000,0,0.148032,-102.479,1.6545,0.3454
11360000,1,2.13849,-101.015,1.1701,0.3494
11370000,0,0.447601,-100.206,1.07109,0.299
11380000,0,-1.23069,-105.399,1.79746,0.344222
11390000,1,3.33843,-102.078,0.255411,0.346
11400000,0,1.48786,-101.318,0.417235,0.278
11410000,0,1.71647,-102.014,0.142613,0.319143
11420000,0,1.06188,-100.972,0.340533,0.408
11430000,0,0.709239,-100.292,1.08811,0.29
11440000,0,1.31905,-101.348,0.286384,0.385
11450000,0,0.129468,-101.566,0.865229,0.356
11460000,0,-0.0241045,-100.432,0.00346748,0.319
11470000,0,1.43976,-99.946,0.214196,0.3534
11480000,0,0.155063,-102.474,1.03244,0.3695
11490000,0,1.60343,-100.635,0.247165,0.336524
11500000,0,1.48859,-100.842,0.135405,0.371
11510000,0,-1.3469,-100.313,1.39147,0.307667
11520000,0,0.34306,-102.11,0.335007,0.251
11530000,0,1.14419,-100.224,0.0219392,0.336118
11540000,0,0.931494,-102.431,0.0339077,0.345
11550000,0,1.764,-102.884,0.150364,0.334556
11560000,0,-0.195618,-100.811,0.777533,0.31
11570000,0,0.72424,-100.885,1.09419,0.286
11580000,0,1.25445,-102.293,0.28968,0.354667
11590000,0,0.907636,-102.208,0.504587,0.318333
11600000,0,1.27182,-100.176,0.15492,0.325571
11610000,0,1.49177,-100.125,0.412777,0.296
11620000,0,1.69644,-100.244,0.00114305,0.332667
11630000,0,1.16227,-100.801,0.33558,0.37
11640000,0,1.41831,-102.188,0.267762,0.3066
11650000,0,0.115638,-102.079,1.27189,0.3146
11660000,0,1.65239,-101.568,0.019256,0.332
11670000,0,0.772403,-100.887,0.969636,0.332
11680000,2,1.43251,-103.548,1.73644,0.462
11690000,0,1.10025,-101.718,0.646605,0.361
11700000,0,1.42325,-100.416,0.28186,0.365
11710000,0,1.13274,-101.139,0.566654,0.325667
11720000,0,-0.242297,-100.995,1.70312,0.29
11730000,0,-0.679494,-102.077,1.33477,0.274667
11740000,0,0.735373,-100.269,0.616954,0.33275
11750000,0,0.671889,-100.857,1.00908,0.346
11760000,0,1.02762,-100.428,0.4932,0.412
11770000,0,1.70402,-100.192,0.198753,0.371
11780000,0,-0.72076,-100.35,0.984768,0.3205
11790000,0,1.52839,-101.992,0.266961,0.356
11800000,0,1.20872,-101.25,0.0373028,0.305333
11810000,1,-3.01541,-99.1256,1.95462,0.465
11820000,0,1.45516,-101.099,0.293645,0.34875
11830000,0,1.69662,-100.277,0.236162,0.327
11840000,0,0.728361,-101.484,0.631285,0.355
11850000,0,1.41091,-100.275,0.47856,0.340667
11860000,0,1.02013,-101.801,0.205944,0.35825
11870000,0,1.23574,-100.242,0.54633,0.343
11880000,0,0.571272,-102.264,0.57763,0.35
11890000,0,0.190714,-100.866,0.53976,0.342
11900000,1,2.03364,-102.475,0.374359,0.3375
11910000,0,-1.03963,-101.629,1.60042,0.364
11920000,0,-1.29765,-101.755,2.51667,0.356
11930000,0,0.0792016,-101.386,1.08964,0.349111
11940000,0,1.36823,-100.863,0.260528,0.341
11950000,0,0.822582,-101.817,0.307715,0.301
11960000,0,0.554669,-101.959,0.867021,0.275
11970000,0,1.4937,-101.715,0.128552,0.285667
11980000,0,0.703048,-102.493,0.982177,0.313
11990000,3,0.734386,-101.386,1.84143,0.40725
12000000,0,0.232689,-102.325,1.17292,0.324
12010000,0,1.22794,-101.599,0.62159,0.356632
12020000,0,0.996312,-100.324,0.678703,0.337
12030000,0,0.549211,-102.147,1.13153,0.338
12040000,0,0.0544954,-100.471,1.61726,0.337
12050000,0,-1.32537,-101.782,1.54078,0.325
12060000,0,0.338931,-102.258,0.198256,0.283
12070000,0,-0.211102,-101.993,0.863352,0.321667
12080000,2,2.48214,-101.806,1.30076,0.3625
12090000,0,1.77757,-100.103,0.215014,0.3218
12100000,0,0.751564,-101.328,0.852991,0.346
12110000,0,0.516993,-101.194,0.739789,0.349227
12120000,0,0.841322,-100.747,0.655144,0.326
12130000,0,1.66808,-100.57,0.113242,0.335706
12140000,0,0.637268,-102.186,0.75426,0.3224
12150000,0,1.22507,-100.652,0.406979,0.369
12160000,0,1.78743,-101.257,0.158449,0.45
12170000,0,1.42675,-101.537,0.0298234,0.3557
12180000,0,0.298489,-101.609,0.0202051,0.345
12190000,0,1.46228,-100.64,0.24465,0.3595
12200000,0,1.06801,-100.759,0.580818,0.407
12210000,0,0.586284,-101.617,0.534249,0.3275
12220000,0,1.34863,-100.843,0.496516,0.3415
12230000,0,-1.62416,-101.45,0.109107,0.312909
12240000,0,1.88706,-100.941,0.0743484,0.332455
12250000,0,1.51757,-100.656,0.226535,0.33875
12260000,0,0.950057,-101.815,0.600266,0.325
12270000,0,1.46564,-101.061,0.367205,0.303
12280000,0,0.805875,-100.436,0.904146,0.352
12290000,0,0.301007,-100.653,1.1124,0.308
12300000,0,0.456883,-101.83,1.02229,0.279
12310000,0,1.77175,-100.333,0.159273,0.3466
12320000,0,0.179889,-100.656,1.46245,0.29625
12330000,0,1.6823,-100.605,0.281103,0.393
12340000,0,-1.17541,-100.933,2.36067,0.349
12350000,0,1.21079,-101.087,0.216587,0.327833
12360000,1,2.41091,-101.839,0.602297,0.353
12370000,0,0.779516,-99.9437,0.299799,0.33625
12380000,0,1.6467,-100.498,0.157512,0.353
12390000,0,1.73267,-100.145,0.111648,0.331
12400000,0,0.614899,-100.211,1.14139,0.332714
12410000,0,1.5995,-100.817,0.0032751,0.373
12420000,0,-0.135905,-101.181,0.0788685,0.353
12430000,0,0.80939,-101.347,0.247398,0.3535
12440000,0,0.630176,-100.371,1.1392,0.337929
12450000,0,-0.110248,-104.351,0.0837818,0.319667
12460000,0,1.8556,-100.284,0.0327433,0.339333
12470000,0,1.00871,-100.852,0.295028,0.328929
12480000,0,-0.362842,-100.087,0.635331,0.344
12490000,0,0.865502,-102.497,0.509666,0.330333
12500000,0,0.299697,-100.288,0.626098,0.343
12510000,1,0.765103,-100.638,1.07429,0.354115
12520000,0,1.36536,-100.3,0.29196,0.354
12530000,0,1.2613,-103.845,0.485015,0.351
12540000,0,1.11236,-100.642,0.480509,0.355
12550000,0,-0.625441,-101.272,1.74844,0.332895
12560000,0,0.884993,-100.936,0.593261,0.323429
12570000,3,4.11769,-99.8159,1.00633,0.559
12580000,0,0.585137,-101.674,0.357134,0.237
12590000,0,-0.730043,-102.525,1.3184,0.234
12600000,0,-0.294876,-103.48,1.3687,0.354
12610000,2,2.80069,-102.716,1.37769,0.521
12620000,0,1.18301,-100.344,0.681987,0.3118
12630000,0,1.67151,-100.633,0.219925,0.338
12640000,0,1.02084,-100.231,0.969228,0.388
12650000,0,1.85737,-100.202,0.0291319,0.336
12660000,0,1.09796,-100.525,0.133996,0.383
12670000,0,1.3404,-100.193,0.0566865,0.3355
12680000,0,1.39982,-101.416,0.314536,0.338
12690000,0,1.07298,-100.672,0.189718,0.352083
12700000,0,0.636739,-102.605,0.340767,0.311
12710000,0,1.32545,-100.829,0.272214,0.436
12720000,0,0.448277,-101.328,1.17121,0.336875
12730000,0,0.939895,-100.454,0.673673,0.319
12740000,0,1.65227,-102.57,0.0597746,0.3176
12750000,0,1.14132,-101.11,0.459169,0.333591
12760000,0,1.12232,-100.315,0.280814,0.285333
12770000,0,-0.396061,-100.849,1.96602,0.339667
12780000,0,0.013188,-101.119,0.765938,0.3634
12790000,0,0.505221,-102.131,0.159656,0.341929
12800000,0,1.20626,-101.301,0.356303,0.34
12810000,0,1.54986,-100.358,0.105212,0.335
12820000,0,0.421974,-101.494,0.023923,0.425
12830000,0,1.20027,-100.36,0.58261,0.321
12840000,0,1.55228,-102.148,0.188002,0.340286
12850000,0,0.587833,-100.246,1.23011,0.3345
12860000,0,0.699104,-100.132,0.158402,0.424
12870000,0,0.676948,-101.211,0.448898,0.34
12880000,0,0.653748,-100.488,0.259361,0.374
12890000,0,0.690468,-101.267,0.840391,0.3506
12900000,0,1.17653,-101.372,0.019771,0.247
12910000,0,-0.808637,-102.968,2.72011,0.334667
12920000,0,1.13114,-100.548,0.701804,0.35
12930000,0,1.09606,-101.988,0.352761,0.326
12940000,0,1.51259,-100.948,0.286011,0.3218
12950000,0,0.430679,-100.176,1.45019,0.3195
12960000,0,1.23163,-100.775,0.212873,0.297
12970000,0,1.23333,-100.77,0.252366,0.324
12980000,0,1.42415,-100.638,0.192374,0.331
12990000,1,1.44553,-102.776,1.39024,0.332
13000000,0,1.53281,-101.231,0.0995761,0.376
13010000,0,1.40203,-100.355,0.424324,0.332
13020000,0,1.62268,-100.855,0.0379619,0.3445
13030000,0,1.52765,-101.873,0.177313,0.347
13040000,0,0.0260792,-102.173,0.519273,0.3171
13050000,0,1.44071,-100.999,0.393638,0.368
13060000,0,1.21318,-100.951,0.640808,0.333333
13070000,0,1.52841,-100.52,0.224899,0.327
13080000,0,0.754606,-100.666,0.973327,0.3388
13090000,0,0.968138,-101.355,0.197107,0.339833
13100000,0,1.78779,-100.191,0.0487167,0.358333
13110000,0,1.69174,-101.85,0.199966,0.363
13120000,0,1.26613,-100.94,0.333149,0.354167
13130000,0,1.41662,-101.359,0.0874056,0.291
13140000,0,1.71985,-101.085,0.046835,0.351
13150000,0,0.143914,-101.298,1.30718,0.339857
13160000,0,1.2841,-100.929,0.110057,0.312
13170000,0,0.727707,-100.96,0.813057,0.3636
13180000,0,0.670337,-100.477,1.2356,0.348667
13190000,0,-0.764532,-101.607,2.30311,0.403
13200000,0,0.782224,-100.947,0.742617,0.3418
13210000,0,1.3307,-100.13,0.164646,0.368
13220000,0,1.5631,-100.41,0.320075,0.36
13230000,0,1.11344,-101.107,0.122799,0.348
13240000,0,1.71214,-101.939,4.4049e-05,0.288
13250000,0,1.17766,-100.952,0.412595,0.3265
13260000,0,1.57733,-102.359,0.131677,0.362
13270000,0,1.5973,-101.636,0.234933,0.327714
13280000,0,1.70364,-103.299,0.0964872,0.329333
13290000,1,1.27091,-99.1338,1.67616,0.37
13300000,0,0.909083,-101.772,0.993772,0.366125
13310000,0,-0.734092,-101.188,1.37495,0.338
13320000,0,0.450244,-101.518,0.973662,0.311
13330000,0,1.3102,-100.373,0.512142,0.313
13340000,0,1.32881,-100.56,0.258373,0.319
13350000,0,1.52841,-103.104,0.0316311,0.3415
13360000,1,0.777505,-100.952,0.969458,0.350167
13370000,0,1.22663,-100.996,0.469087,0.303
13380000,0,1.30297,-103.463,0.460299,0.326
13390000,0,1.61548,-100.599,0.0794718,0.362
13400000,0,-0.0419093,-101.75,1.38551,0.289
13410000,0,1.52763,-100.466,0.329676,0.299
13420000,0,0.280555,-103.771,0.415081,0.3608
13430000,0,0.866292,-101.719,0.797568,0.275
13440000,0,0.925517,-100.733,0.939163,0.328308
13450000,0,1.66336,-100.284,0.0133003,0.267
13460000,0,1.62931,-100.391,0.180632,0.333833
13470000,0,1.05899,-100.552,0.653322,0.334333
13480000,0,-3.10671,-100.4,0.438157,0.323
13490000,0,1.17696,-100.273,0.629773,0.331
13500000,0,1.50104,-102.873,0.0453105,0.3475
13510000,0,0.957571,-100.206,0.986013,0.33
13520000,0,1.86337,-100.658,0.0396516,0.297
13530000,1,1.58027,-101.173,1.06698,0.424
13540000,1,-0.577601,-105.48,3.16891,0.366
13550000,0,1.21995,-101.095,0.377909,0.408
13560000,0,0.962802,-100.797,0.638328,0.327
13570000,0,1.21169,-102.479,0.437936,0.326857
13580000,0,0.173743,-101.843,0.0455989,0.362
13590000,0,1.21572,-101.473,0.280161,0.36475
13600000,0,1.4734,-100.072,0.159081,0.35325
13610000,0,0.763814,-100.571,0.805462,0.337
13620000,0,1.45407,-100.405,0.28494,0.3111
13630000,0,0.608094,-101.841,0.233168,0.312
13640000,0,1.52347,-99.9749,0.112994,0.349667
13650000,0,1.65014,-102.535,0.0573005,0.268
13660000,0,1.33106,-100.471,0.246338,0.3366
13670000,0,1.48094,-101.166,0.146913,0.322
13680000,1,1.60998,-100.847,2.18144,0.338222
13690000,0,1.75588,-102.301,0.147883,0.342556
13700000,0,0.220547,-101.987,0.678695,0.343
13710000,0,0.621149,-100.338,1.21947,0.3504
13720000,0,1.26063,-101.28,0.448556,0.345667
13730000,0,1.05825,-100.844,0.462423,0.294
13740000,0,1.3914,-100.839,0.53024,0.341571
13750000,0,1.75605,-100.311,0.179219,0.3332
13760000,0,0.965559,-100.992,0.544767,0.317
13770000,0,1.07833,-101.385,0.281247,0.299
13780000,0,0.545244,-103.133,1.15139,0.324
13790000,0,0.837139,-100.485,1.04171,0.349
13800000,0,-0.336286,-100.385,2.31893,0.362667
13810000,0,1.28119,-100.878,0.119569,0.348
13820000,0,1.06552,-101.539,0.583876,0.328
13830000,0,1.51799,-101.46,0.134527,0.286
13840000,0,1.54686,-100.525,0.235854,0.3475
13850000,0,0.680938,-100.781,0.743261,0.345
13860000,0,1.45724,-100.844,0.22557,0.350667
13870000,0,1.47987,-102.275,0.0250805,0.315
13880000,0,1.42364,-100.701,0.0736462,0.307
13890000,0,1.32764,-103.537,0.0758862,0.305
13900000,0,0.534662,-101.759,0.169455,0.357667
13910000,0,1.72711,-100.179,0.269924,0.326
13920000,0,1.55131,-102.777,0.19851,0.31
13930000,0,-1.48339,-100.352,3.23732,0.321
13940000,0,1.88931,-101.221,0.0999095,0.384167
13950000,0,-0.848666,-107.531,0.692719,0.3405
13960000,0,0.938888,-100.013,0.310327,0.333
13970000,0,0.828832,-101.814,0.286361,0.245
13980000,0,0.918053,-100.77,0.731657,0.351875
13990000,0,1.59653,-100.627,0.0904803,0.335
14000000,0,0.380595,-101.629,0.905736,0.297
14010000,0,1.37223,-100.063,0.278071,0.330667
14020000,0,0.810772,-101.336,0.331404,0.319
14030000,0,1.50437,-100.757,0.197701,0.307
14040000,0,1.52895,-100.336,0.0874368,0.393
14050000,0,-0.289036,-101.315,1.83081,0.337
14060000,0,-0.812955,-100.005,0.314109,0.365
14070000,0,1.28475,-100.245,0.427294,0.3334
14080000,0,1.7448,-100.287,0.153419,0.393
14090000,0,1.28661,-101.046,0.252287,0.438
14100000,0,1.35923,-100.74,0.388649,0.374333
14110000,0,0.320482,-103.374,0.158881,0.2985
14120000,0,1.44043,-100.612,0.437363,0.347333
14130000,0,1.45953,-100.546,0.237791,0.294
14140000,0,1.58752,-101.181,0.0343891,0.349
14150000,0,1.29299,-101.178,0.254727,0.32375
14160000,0,0.743369,-101.861,0.0374793,0.298
14170000,0,1.16676,-102.014,0.392148,0.4
14180000,0,-0.077575,-102.291,0.682048,0.335778
14190000,0,0.541882,-100.331,0.0928696,0.342857
14200000,1,1.738,-100.584,1.42965,0.315333
14210000,0,1.04906,-100.563,0.955269,0.33
14220000,0,0.694562,-100.446,1.0719,0.313
14230000,0,-1.2907,-104.325,0.948643,0.340714
14240000,0,-0.182875,-104.149,0.172304,0.199
14250000,0,1.5201,-100.613,0.394039,0.317
14260000,0,-0.119161,-102.186,0.769677,0.249
14270000,0,1.51087,-100.516,0.208656,0.35
14280000,0,1.03563,-103.864,0.596115,0.371
14290000,0,1.22086,-102.13,0.246231,0.342558
14300000,0,1.40452,-101.188,0.305354,0.3
14310000,0,-0.225942,-103.459,0.34499,0.322
14320000,0,0.991958,-100.885,0.779315,0.35
14330000,0,0.89166,-100.609,0.779696,0.341
14340000,0,1.33327,-100.828,0.66972,0.358
14350000,0,0.765588,-102.255,0.485342,0.337
14360000,0,-0.211775,-104.122,0.265848,0.2884
14370000,0,0.942181,-102.067,0.0199918,0.342333
14380000,0,0.994236,-101.588,0.282607,0.34475
14390000,0,0.952069,-100.746,0.952602,0.350455
14400000,0,1.41999,-100.773,0.0884581,0.295
14410000,0,1.07164,-104.542,0.691814,0.337
14420000,0,0.997999,-99.9788,0.49833,0.36
14430000,0,1.06654,-100.02,0.0776582,0.325111
14440000,0,0.519522,-102.559,1.48591,0.339
14450000,0,0.590586,-100.31,1.19681,0.351333
14460000,0,1.43039,-100.643,0.118872,0.352667
14470000,0,1.52511,-101.038,0.147722,0.359125
14480000,0,1.24775,-103.431,0.092007,0.251
14490000,0,0.301824,-102.528,0.957065,0.276
14500000,0,-1.69724,-100.27,0.424116,0.315
14510000,0,0.633485,-100.954,0.98667,0.344
14520000,0,1.69309,-100.523,0.0424357,0.348
14530000,0,-0.984542,-100.668,0.906629,0.35
14540000,0,0.889716,-101.317,0.723474,0.37
14550000,0,1.22581,-102.451,0.00312369,0.31525
14560000,0,1.48215,-101.505,0.163669,0.386
14570000,0,0.953182,-101.921,0.689479,0.360875
14580000,0,1.34755,-100.592,0.37817,0.314
14590000,0,1.2169,-100.596,0.379953,0.282
14600000,0,-0.151745,-100.301,1.95609,0.3275
14610000,0,0.96034,-101.867,0.527706,0.348
14620000,0,1.43135,-101.137,0.185367,0.338444
14630000,0,0.987348,-101.217,0.759121,0.351
14640000,0,0.429885,-101.172,1.30088,0.359
14650000,0,0.941868,-103.157,0.060026,0.4124
14660000,0,-0.170043,-100.724,0.387099,0.331
14670000,0,1.72515,-100.539,0.223735,0.351
14680000,0,0.169478,-101.353,1.48214,0.346182
14690000,0,1.24088,-101.518,0.225798,0.308
14700000,0,0.426497,-100.267,1.52095,0.371
14710000,0,1.3329,-100.754,0.256945,0.344813
14720000,0,0.911113,-101.176,0.488031,0.328
14730000,0,-0.189696,-100.339,1.48475,0.338
14740000,0,1.27527,-100.261,0.564455,0.328
14750000,0,1.12774,-100.952,0.583725,0.298
14760000,0,1.29665,-101.212,0.614002,0.331667
14770000,0,1.50712,-100.636,0.190421,0.311
14780000,0,0.720594,-100.729,0.120711,0.305
14790000,0,1.99316,-101.709,0.0233523,0.328
14800000,0,1.98585,-101.773,0.000659701,0.3345
14810000,0,1.66366,-100.883,0.0453688,0.301
14820000,0,1.85051,-100.46,0.102862,0.353625
14830000,0,1.24353,-100.804,0.455917,0.326
14840000,0,1.43735,-102.141,0.378914,0.261
14850000,0,0.83509,-100.009,0.745218,0.333
14860000,0,1.08581,-102.383,0.51824,0.357
14870000,0,0.804528,-100.05,0.575003,0.342778
14880000,0,1.68038,-100.784,0.138241,0.376
14890000,0,1.20176,-100.081,0.653001,0.314
14900000,0,1.21023,-101.534,0.137003,0.361
14910000,0,0.105559,-101.146,1.70458,0.294
14920000,0,0.553605,-102.519,0.182941,0.321
14930000,0,-1.61404,-100.932,3.12482,0.361
14940000,0,-0.287556,-102.3,1.72004,0.329
14950000,0,1.4878,-99.9453,0.00249023,0.341
14960000,0,0.976665,-100.116,0.92747,0.329
14970000,1,3.42059,-99.5854,0.111607,0.357
14980000,0,1.44629,-100.874,0.243741,0.366571
14990000,0,0.21075,-100.318,0.642832,0.321
15000000,0,0.285504,-101.012,0.963969,0.344167
15010000,0,1.20129,-102.992,0.430157,0.3105
15020000,0,1.48038,-100.005,0.442704,0.3056
15030000,0,1.51849,-100.399,0.410957,0.36
15040000,0,1.007,-101.245,0.305265,0.313
15050000,0,1.19156,-101.738,0.131355,0.336
15060000,0,1.60008,-100.772,0.196394,0.275
15070000,0,-0.688067,-101.233,2.1235,0.331333
15080000,0,1.70728,-100.474,0.0242425,0.3294
15090000,0,0.486531,-101.534,1.25001,0.34375
15100000,0,1.66752,-100.846,0.121434,0.349889
15110000,0,1.78088,-100.999,0.119225,0.352
15120000,0,1.97869,-100.739,0.0290788,0.372
15130000,0,1.43462,-101.021,0.36758,0.3375
15140000,0,1.05351,-100.477,0.72139,0.339
15150000,0,1.01663,-101.232,0.278278,0.3128
15160000,0,1.67918,-100.991,0.000395498,0.3286
15170000,0,1.50751,-100.237,0.264893,0.314875
15180000,0,1.39004,-100.812,0.404712,0.34
15190000,0,-1.13215,-100.71,0.749783,0.379
15200000,0,1.52465,-101.161,0.107904,0.347
15210000,0,1.49904,-100.487,0.17947,0.331421
15220000,0,0.570094,-101.396,0.741989,0.317
15230000,0,1.21603,-102.299,0.501039,0.312
15240000,0,0.797605,-100.545,1.12652,0.314
15250000,0,1.10028,-101.757,0.416731,0.346
15260000,0,1.42316,-102.605,0.184299,0.3325
15270000,0,1.8679,-100.685,0.0293938,0.345875
15280000,0,1.2019,-101.045,0.610485,0.361
15290000,0,1.10041,-101.697,0.332183,0.333364
15300000,0,-0.380855,-100.907,1.25175,0.3
15310000,0,1.68415,-101.478,0.108025,0.3468
15320000,0,-0.141401,-103.676,0.5564,0.3239
15330000,0,1.32747,-102.81,0.0138412,0.346333
15340000,0,1.6114,-101.878,0.00102017,0.352
15350000,0,1.02487,-102.371,0.107801,0.377
15360000,0,0.721001,-101.784,0.779481,0.322167
15370000,0,0.680304,-101.766,0.517054,0.384
15380000,1,1.85949,-103.665,0.992165,0.419
15390000,0,0.969272,-101.629,0.530192,0.363
15400000,0,1.38679,-102.304,0.452468,0.3462
15410000,0,1.48014,-101.164,0.0958639,0.301
15420000,0,1.79095,-101.208,0.177057,0.350611
15430000,0,1.62047,-100.713,0.0349681,0.311
15440000,0,1.47253,-100.778,0.0174432,0.309
15450000,0,-0.148747,-102.301,0.992649,0.349067
15460000,1,2.00476,-101.746,0.229823,0.34075
15470000,0,1.13743,-100.324,0.662139,0.370667
15480000,0,0.938043,-102.364,0.450594,0.29075
15490000,0,1.46472,-100.675,0.406219,0.338
15500000,0,0.957634,-100.331,0.0819539,0.36175
15510000,0,0.970981,-101.893,0.41539,0.32
15520000,0,0.0959703,-102.889,0.766887,0.33
15530000,0,0.920732,-101.567,0.858227,0.403
15540000,0,1.01673,-100.853,0.883194,0.354
15550000,0,-0.0773643,-100.218,1.96319,0.323
15560000,0,1.55351,-100.865,0.267698,0.309
15570000,0,1.47284,-101.08,0.0974147,0.308333
15580000,0,1.3248,-102.475,0.632264,0.317667
15590000,0,0.829362,-100.986,0.0825653,0.318
15600000,0,1.30543,-100.953,0.332357,0.392
15610000,0,1.12895,-100.501,0.575332,0.315
15620000,0,1.4619,-100.423,0.27186,0.376
15630000,0,1.68435,-101.427,0.0679413,0.332857
15640000,1,1.3992,-103.404,0.349863,0.321333
15650000,0,1.03167,-102.525,0.405637,0.404
15660000,0,0.791487,-100.909,0.589041,0.341875
15670000,0,1.37531,-100.912,0.357821,0.344
15680000,0,1.75771,-100.69,0.163665,0.374
15690000,0,0.625289,-102.178,0.118538,0.342
15700000,0,0.601263,-104.142,0.217507,0.2905
15710000,0,1.79046,-100.109,0.147939,0.353
15720000,0,0.766086,-103.703,0.501848,0.332875
15730000,0,-0.719426,-101.913,0.283997,0.3835
15740000,0,1.67357,-101.445,0.109734,0.287
15750000,0,-2.69494,-100.252,0.013229,0.322
15760000,1,0.514994,-104.754,0.798906,0.333
15770000,1,0.476046,-101.522,1.62283,0.394
15780000,0,1.10077,-101.409,0.632301,0.3486
15790000,0,0.338197,-102.749,0.234172,0.35675
15800000,0,0.165925,-102.967,1.3024,0.356
15810000,0,1.30781,-101.408,0.132957,0.347875
15820000,0,1.50934,-100.093,0.11415,0.3245
15830000,0,1.97505,-103.176,0.061978,0.33175
15840000,0,0.582175,-100.273,1.13305,0.371273
15850000,0,0.00072789,-101.463,1.07933,0.373
15860000,0,1.32614,-102.008,0.21153,0.318
15870000,0,0.00317735,-102.098,0.618803,0.4126
15880000,0,1.36864,-100.113,0.174743,0.361
15890000,0,1.38818,-100.314,0.207654,0.331
15900000,0,1.53636,-101.24,0.198829,0.346
15910000,0,1.07819,-101.4,0.13176,0.302
15920000,0,-1.77578,-100.569,1.2999,0.328667
15930000,0,1.50346,-100.132,0.486383,0.313
15940000,0,0.733218,-100.179,0.00585108,0.352667
15950000,0,0.121492,-102.193,0.822928,0.312714
15960000,0,1.72303,-102.237,0.0118228,0.3025
15970000,1,-0.209397,-100.092,0.917113,0.366
15980000,1,1.3208,-103.722,0.797815,0.2995
15990000,0,1.26178,-100.717,0.233997,0.301333
16000000,0,1.58755,-100.339,0.203023,0.366
16010000,0,1.15089,-101.006,0.527836,0.34125
16020000,0,1.57673,-100.965,0.0622009,0.3335
16030000,0,1.39685,-101.455,0.274193,0.355
16040000,0,0.793149,-101.579,0.0883003,0.295
16050000,1,0.300209,-98.3842,2.81911,0.388
16060000,0,-0.485584,-101.756,2.08043,0.32
16070000,0,0.836593,-102.61,0.0759646,0.286
16080000,0,1.6292,-100.648,0.122686,0.294
16090000,1,1.24512,-100.306,0.332284,0.367857
16100000,1,1.87177,-100.299,0.459766,0.398
16110000,0,0.69695,-100.405,1.13946,0.37
16120000,0,-0.85087,-99.9632,0.597291,0.309
16130000,0,0.603337,-101.464,0.959253,0.394
16140000,0,1.39377,-100.782,0.127806,0.338875
16150000,0,0.245697,-102.333,0.554009,0.323
16160000,0,1.04449,-101.201,0.162063,0.3685
16170000,0,1.67196,-101.331,0.0875662,0.3348
16180000,0,1.60098,-100.863,0.270715,0.352
16190000,0,0.65366,-104.126,0.114082,0.242
16200000,0,1.01225,-100.959,0.422228,0.38
16210000,1,3.06437,-100.641,0.478796,0.365556
16220000,0,1.85608,-100.145,0.153163,0.3435
16230000,0,-0.618208,-101.504,0.789287,0.325
16240000,0,0.532602,-101.583,0.653517,0.253
16250000,1,1.92874,-102.214,0.882301,0.35
16260000,0,1.61169,-101.223,0.0405976,0.3
16270000,0,1.08218,-100.827,0.543198,0.395
16280000,0,0.606673,-100.565,0.314632,0.332
16290000,0,1.13732,-101.645,0.109361,0.346861
16300000,0,0.866492,-101.668,0.214795,0.355
16310000,0,1.71609,-100.862,0.00108383,0.362
16320000,0,0.785724,-100.87,0.134187,0.336
16330000,0,1.28664,-101.085,0.223214,0.36
16340000,0,1.55759,-101.658,0.162455,0.324
16350000,0,1.08451,-100.577,0.828131,0.37
16360000,0,1.52457,-100.526,0.213877,0.351476
16370000,0,0.650458,-102.01,0.361462,0.330333
16380000,0,1.53665,-100.073,0.138861,0.3174
16390000,0,0.974766,-101.58,0.275928,0.3495
16400000,0,1.68908,-101.397,0.069266,0.401
16410000,0,0.70244,-100.075,1.18016,0.341
16420000,0,1.81615,-101.936,0.0857169,0.347647
16430000,0,-0.0948011,-100.415,2.04079,0.356
16440000,0,-0.0445115,-107.563,0.429492,0.36025
16450000,0,0.175321,-102.085,0.555819,0.284
16460000,0,1.1134,-101.154,0.141573,0.331
16470000,0,-0.0101001,-101.955,0.703369,0.2955
16480000,0,0.947495,-103.093,0.0618914,0.342625
16490000,0,-0.899666,-102.195,1.53803,0.282
16500000,0,-0.138052,-100.273,0.479358,0.314
16510000,0,0.333353,-101.783,0.998964,0.3055
16520000,0,0.666383,-100.955,0.922594,0.329
16530000,0,0.51269,-102.01,0.173163,0.249
16540000,0,1.50561,-101.172,0.0850801,0.345
16550000,2,3.73019,-99.5293,0.830097,0.315
16560000,0,1.56629,-100.79,0.130363,0.327
16570000,1,2.96782,-100.58,0.635637,0.341909
16580000,0,1.16676,-101.309,0.432653,0.348
16590000,0,1.16556,-101.708,0.269402,0.384
16600000,0,1.08402,-101.426,0.493225,0.379
16610000,0,1.28716,-100.602,0.480351,0.349
16620000,0,0.341703,-100.49,1.30308,0.354286
16630000,0,1.1831,-100.831,0.200604,0.325167
16640000,1,2.60908,-101.668,0.39117,0.368
16650000,0,0.749318,-100.364,0.870591,0.329
16660000,0,1.5838,-100.173,0.134862,0.33
16670000,0,0.47606,-100.089,1.19098,0.453
16680000,0,1.35578,-100.597,0.55299,0.334571
16690000,0,-0.0660078,-100.561,2.03784,0.359
16700000,0,1.79967,-100.113,0.167492,0.299
16710000,0,1.35534,-101.16,0.150335,0.337
16720000,0,1.86123,-100.023,0.0694105,0.477
16730000,0,1.62938,-100.213,0.36524,0.375
16740000,0,0.446353,-100.042,1.52408,0.3281
16750000,0,-0.570407,-100.883,2.1629,0.363714
16760000,0,1.17803,-100.903,0.195284,0.344125
16770000,0,-0.264207,-100.779,2.01523,0.317
16780000,0,0.951391,-101.068,0.797484,0.354333
16790000,0,1.04904,-100.171,0.11167,0.315
16800000,0,1.3658,-100.386,0.596805,0.326
16810000,0,1.10771,-100.629,0.0126397,0.408
16820000,0,1.37991,-100.62,0.377263,0.313
16830000,0,0.938533,-100.279,0.86865,0.31575
16840000,0,1.47136,-100.691,0.545629,0.345
16850000,0,0.520452,-101.733,0.674208,0.274
16860000,0,1.09637,-100.948,0.562393,0.3435
16870000,0,1.29476,-101.845,0.108378,0.344
16880000,0,1.22388,-101.228,0.0684288,0.347
16890000,0,1.53002,-101.758,0.183106,0.37
16900000,0,1.67701,-100.938,0.0485615,0.339
16910000,0,0.932801,-101.245,0.482145,0.304
16920000,0,1.00139,-102.2,0.326532,0.277
16930000,0,0.604879,-100.076,0.682436,0.352
16940000,0,0.885015,-101.974,0.928044,0.345
16950000,0,1.57257,-100.379,0.254794,0.3315
16960000,0,1.10585,-100.327,0.749057,0.344
16970000,0,0.870583,-101.776,0.207243,0.258
16980000,0,1.12844,-100.894,0.539991,0.315889
16990000,0,1.46863,-100.341,0.360578,0.319889
17000000,0,-1.83101,-99.9733,0.451457,0.3415
17010000,0,1.64349,-100.463,0.303701,0.314
17020000,0,0.825424,-103.435,0.562038,0.332
17030000,0,0.459815,-101.897,0.0651874,0.37
17040000,0,0.597968,-101.609,0.312243,0.299
17050000,0,1.72974,-100.385,0.157589,0.347333
17060000,0,1.8377,-100.45,0.0673461,0.3528
17070000,0,1.48811,-100.79,0.251551,0.322091
17080000,0,0.64068,-100.262,0.511156,0.342412
17090000,1,-0.850063,-108.918,2.66381,0.3775
17100000,0,-0.241666,-101.64,0.37843,0.351
17110000,0,1.19568,-100.826,0.505635,0.319
17120000,0,0.69431,-102.148,1.08111,0.341
17130000,0,1.16037,-101.1,0.343716,0.334083
17140000,0,1.81001,-100.338,0.133098,0.283
17150000,0,0.959217,-102.487,0.154084,0.335333
17160000,0,1.12622,-100.736,0.439268,0.366667
17170000,0,0.232637,-100.944,1.43421,0.363
17180000,0,0.247435,-100.853,1.20125,0.345
17190000,0,0.680411,-101.994,0.0294829,0.319429
17200000,0,0.940249,-100.376,0.896382,0.333
17210000,0,1.37292,-101.256,0.073436,0.30575
17220000,0,1.38722,-101.224,0.36604,0.406
17230000,0,0.0330662,-100.355,1.92785,0.315
17240000,0,0.430345,-100.513,1.31356,0.326857
17250000,0,1.15397,-103.916,0.272507,0.354
17260000,0,0.300718,-101.507,0.533958,0.334
17270000,1,1.28202,-101.411,1.80568,0.3582
17280000,0,1.48026,-100.857,0.00270481,0.347
17290000,0,1.61315,-100.454,0.338427,0.333692
17300000,0,-0.165582,-100.207,0.586311,0.3765
17310000,0,-0.159267,-100.632,1.0391,0.32
17320000,0,1.61386,-100.696,0.0139459,0.358
17330000,1,1.20139,-98.6672,0.282321,0.428
17340000,0,1.18303,-100.347,0.680435,0.372
17350000,0,-2.36904,-102.411,2.55496,0.356
17360000,0,1.16049,-100.187,0.689805,0.318
17370000,0,1.47319,-100.497,0.235313,0.442
17380000,0,1.66131,-100.685,0.0675608,0.335
17390000,0,1.51783,-102.702,0.053724,0.31975
17400000,0,1.68558,-100.423,0.0112007,0.348273
17410000,0,1.97553,-100.204,0.012725,0.3545
17420000,1,2.12106,-100.849,0.642076,0.532
17430000,0,1.60329,-100.216,0.281647,0.444
17440000,0,0.526723,-101.448,0.131669,0.323
17450000,1,1.66356,-100.19,0.284061,0.356
17460000,0,0.492355,-102.317,0.512294,0.331909
17470000,1,1.80864,-99.9623,0.946346,0.409
17480000,0,1.18379,-101.615,0.35415,0.405
17490000,0,0.216692,-101.289,1.53568,0.318
17500000,0,0.376684,-100.779,1.41557,0.3274
17510000,0,1.54811,-100.547,0.0891201,0.348714
17520000,0,0.974936,-101.131,0.205745,0.313
17530000,0,0.255699,-100.497,0.800961,0.340444
17540000,0,0.0346741,-101.374,1.60529,0.318
17550000,0,1.63534,-104.769,0.0356324,0.395
17560000,0,0.178069,-103.367,0.852862,0.351636
17570000,0,1.66465,-100.586,0.136703,0.415
17580000,0,1.28811,-101.256,0.0491885,0.321
17590000,0,1.14069,-101.205,0.457619,0.3325
17600000,0,1.6685,-100.356,0.227028,0.326
17610000,0,1.26857,-100.958,0.129889,0.3504
17620000,0,1.00968,-101.285,0.0749873,0.247
17630000,0,0.861976,-101.497,0.295675,0.292
17640000,0,1.54007,-101.352,0.127292,0.34825
17650000,0,1.5334,-101.09,0.0780039,0.3288
17660000,0,1.55845,-101.339,0.00353945,0.352
17670000,0,1.96614,-100.758,0.0364117,0.303
17680000,0,1.12411,-102.584,0.183272,0.353
17690000,0,-1.80423,-101.79,0.832846,0.332
17700000,0,1.95645,-100.574,0.00843032,0.342
17710000,0,1.51003,-101.715,0.0403466,0.292
17720000,0,0.418726,-102.688,0.0602964,0.349
17730000,0,1.57184,-100.296,0.260822,0.298
17740000,0,0.252668,-102.652,0.178041,0.341
17750000,0,1.55736,-100.962,0.0586059,0.29
17760000,0,-0.438702,-102.158,1.28855,0.305
17770000,0,0.0881237,-103.19,0.466871,0.331
17780000,0,1.19601,-103.01,0.227554,0.256
17790000,0,1.67258,-100.39,0.0680205,0.353333
17800000,0,1.08803,-101.242,0.0414467,0.278
17810000,1,0.325914,-101.987,1.66686,0.34375
17820000,0,1.53092,-100.677,0.0288726,0.335062
17830000,0,1.35747,-100.261,0.243004,0.392
17840000,0,1.73381,-100.055,0.200758,0.3396
17850000,0,0.33197,-102.068,0.459006,0.294
17860000,0,0.53304,-103.092,0.0476032,0.296
17870000,0,-0.270388,-103.894,0.638444,0.2926
17880000,0,1.2826,-100.04,0.299043,0.347
17890000,0,1.46142,-99.9862,0.169173,0.35575
17900000,0,1.32442,-99.9613,0.298522,0.342667
17910000,0,1.13652,-101.324,0.356809,0.359333
17920000,0,-0.148124,-101.661,1.00432,0.336
17930000,0,0.749484,-101.305,0.972962,0.328263
17940000,0,1.36315,-100.781,0.23648,0.353
17950000,0,0.584311,-101.296,1.19853,0.361
17960000,0,0.195291,-102.75,1.1423,0.354333
17970000,0,1.51134,-100.775,0.0995523,0.342056
17980000,0,1.28785,-100.046,0.47206,0.3
17990000,0,1.19035,-100.61,0.543778,0.33795
18000000,0,-0.138374,-101.446,1.45812,0.326
18010000,0,0.460622,-101.565,0.744348,0.292
18020000,1,2.89845,-99.6731,0.491389,0.358
18030000,0,0.385041,-100.37,1.32385,0.37
18040000,0,1.2618,-99.9406,0.101183,0.398
18050000,1,1.81567,-99.7347,1.62242,0.393
18060000,0,0.448834,-103.753,0.843612,0.3238
18070000,1,-0.777411,-103.539,1.78671,0.277
18080000,0,1.62519,-100.385,0.34251,0.291
18090000,0,1.72859,-100.147,0.084822,0.347
18100000,0,0.353425,-101.2,0.8613,0.314
18110000,0,1.87408,-100.654,0.0844518,0.328889
18120000,0,1.07988,-104.154,0.162016,0.32
18130000,0,1.19676,-100.232,0.0351099,0.338
18140000,0,1.58684,-101.46,0.466349,0.328
18150000,0,0.438956,-100.632,1.03129,0.324
18160000,0,1.22742,-100.289,0.0631002,0.418
18170000,0,1.46106,-101.004,0.196704,0.3403
18180000,0,0.621476,-100.922,0.751573,0.326
18190000,0,1.4673,-101.328,0.119142,0.3
18200000,0,1.0758,-101.21,0.617215,0.36325
18210000,0,1.86119,-100.491,0.0480554,0.397
18220000,0,1.48924,-100.235,0.0941633,0.371
18230000,0,-0.122318,-100.204,0.13021,0.314
18240000,1,0.687004,-101.603,1.75258,0.309
18250000,0,0.847019,-102.246,0.463355,0.348
18260000,0,1.13916,-101.652,0.253754,0.334
18270000,0,0.723993,-100.634,0.863922,0.32725
18280000,0,1.5125,-100.367,0.275921,0.323333
18290000,0,1.46918,-101.784,0.427516,0.357
18300000,0,1.6351,-100.99,0.267126,0.322
18310000,0,1.10131,-100.591,0.508728,0.31
18320000,0,1.2459,-102.137,0.343918,0.32025
18330000,0,1.57873,-100.158,0.115864,0.365
18340000,0,0.760951,-100.241,1.118,0.354
18350000,0,1.829,-100.558,0.183911,0.329857
18360000,0,0.75597,-100.015,1.17185,0.335333
18370000,0,0.682985,-100.783,0.340162,0.386
18380000,0,0.714173,-100.214,1.14516,0.347
18390000,0,1.30112,-100.593,0.360371,0.372
18400000,0,1.4484,-100.672,0.266307,0.305
18410000,0,1.46112,-100.877,0.0863122,0.356333
18420000,0,-1.04535,-102.475,1.45108,0.281
18430000,0,0.629586,-103.146,0.287193,0.359
18440000,0,1.475,-101.166,0.117251,0.322833
18450000,0,1.54822,-100.256,0.245993,0.327
18460000,0,1.57087,-100.134,0.165591,0.379
18470000,0,0.461277,-100.899,1.23523,0.318143
18480000,0,1.61368,-101.888,0.38885,0.352
18490000,0,1.57649,-102.535,0.365478,0.322
18500000,0,1.65454,-100.48,0.144069,0.315444
18510000,0,1.55639,-100.507,0.026617,0.35275
18520000,0,1.14795,-100.523,0.462957,0.351
18530000,0,0.704251,-100.705,0.992327,0.369
18540000,0,1.5928,-101.308,0.255339,0.333
18550000,0,1.02484,-102.663,0.122847,0.322
18560000,0,1.33903,-101.797,0.189852,0.347333
18570000,0,1.32598,-101.743,0.0320014,0.325222
18580000,0,1.02427,-100.832,0.619644,0.3435
18590000,1,2.65606,-101.861,0.406729,0.345333
18600000,0,0.869666,-102.443,0.524328,0.341077
18610000,0,0.448257,-102.978,0.599875,0.345714
18620000,0,1.54138,-100.519,0.268278,0.32
18630000,0,1.28725,-102.023,0.114925,0.338643
18640000,0,0.856262,-102.025,0.596412,0.3365
18650000,0,0.513769,-102.793,0.405815,0.292
18660000,0,1.2432,-101.938,0.252114,0.254
18670000,0,1.06247,-100.323,0.713051,0.3397
18680000,0,0.38516,-100.137,0.477705,0.342
18690000,0,-1.5934,-100.61,2.21512,0.431
18700000,0,1.87832,-100.111,0.0502899,0.350429
18710000,0,1.45989,-100.734,0.192644,0.388
18720000,0,1.73663,-100.464,0.128888,0.320778
18730000,0,1.04921,-102.62,0.340661,0.321667
18740000,0,1.32126,-101.062,0.0680477,0.279
18750000,0,1.24358,-101.649,0.10084,0.286
18760000,0,-0.216416,-103.045,0.976866,0.265
18770000,0,1.22244,-100.078,0.602627,0.429
18780000,0,1.4493,-100.236,0.458755,0.343
18790000,0,0.341896,-104.376,0.54447,0.2835
18800000,0,0.934462,-100.555,0.743388,0.357
18810000,0,-0.0662233,-105.041,0.396636,0.333
18820000,0,1.74347,-101.041,0.0562765,0.3725
18830000,0,1.88418,-100.132,0.0553241,0.313
18840000,0,1.20964,-100.352,0.332759,0.363
18850000,0,1.66284,-100.379,0.297146,0.455
18860000,0,-0.219774,-102.242,1.67598,0.31
18870000,0,0.816306,-99.9564,0.474823,0.347
18880000,0,1.46846,-101.42,0.217256,0.295
18890000,0,1.7439,-100.116,0.157629,0.325
18900000,0,1.6897,-100.778,0.210509,0.355833
18910000,0,1.67943,-100.457,0.295556,0.336
18920000,0,1.1461,-101.569,0.39336,0.327
18930000,0,0.180376,-107.24,0.104822,0.357
18940000,0,-2.05129,-102.241,0.552185,0.314
18950000,0,1.00159,-100.671,0.757439,0.3253
18960000,0,-1.20809,-102.012,0.24638,0.372
18970000,0,0.81274,-101.732,0.382625,0.316
18980000,0,1.5467,-100.013,0.160845,0.3665
18990000,0,1.03102,-101.842,0.20357,0.3795
19000000,0,1.77346,-101.093,0.0483244,0.332
19010000,0,0.542856,-100.842,0.919594,0.368
19020000,0,1.78654,-101.201,0.0796089,0.356
19030000,0,0.369668,-101.843,0.364238,0.3446
19040000,0,-2.87079,-100.655,0.13742,0.365
19050000,0,1.49886,-101.217,0.00743564,0.272
19060000,0,1.83005,-101.086,0.175706,0.3795
19070000,0,1.5646,-100.334,0.232674,0.322
19080000,0,0.289525,-106.916,0.137382,0.3536
19090000,0,1.31933,-100.602,0.36693,0.311
19100000,0,1.34557,-100.775,0.295731,0.3035
19110000,0,1.28826,-101.374,0.446511,0.304
19120000,0,1.63535,-100.415,0.176232,0.371
19130000,0,0.124831,-103.865,0.110545,0.306333
19140000,0,-0.737117,-101.411,1.47364,0.321
19150000,0,0.843742,-101.43,0.970444,0.356
19160000,0,0.987649,-102.452,0.119011,0.335
19170000,0,0.958212,-103.091,0.840519,0.32
19180000,0,-0.0760625,-101.176,1.44704,0.35125
19190000,0,1.32182,-100.765,0.514571,0.336667
19200000,0,1.59558,-101.793,0.0627013,0.355667
19210000,0,0.856531,-101.466,0.187829,0.334
19220000,0,1.73835,-100.232,0.159835,0.344
19230000,0,1.24061,-100.477,0.298973,0.324
19240000,0,0.934029,-101.193,0.620161,0.32915
19250000,0,0.660396,-103.446,0.183597,0.286
19260000,0,-0.477974,-100.784,2.16783,0.317875
19270000,0,-0.0626334,-100.307,1.89737,0.340286
19280000,0,1.03153,-100.929,0.308207,0.276
19290000,0,0.926662,-101.963,0.050835,0.337
19300000,0,0.986738,-100.958,0.567965,0.3253
19310000,0,0.175492,-101.521,1.48499,0.302
19320000,0,1.86423,-100.638,0.0536613,0.35675
19330000,0,-1.25824,-103.4,2.03856,0.315
19340000,0,1.46252,-101.275,0.173138,0.305
19350000,0,0.828397,-101.156,0.578608,0.335
19360000,0,-1.5482,-101.782,0.281969,0.302
19370000,0,1.35028,-100.628,0.573579,0.333
19380000,0,1.10895,-103.788,0.259637,0.302
19390000,0,0.629541,-101.512,1.04881,0.343
19400000,0,1.22225,-100.528,0.422025,0.340067
19410000,0,-0.952835,-101.598,2.33881,0.292
19420000,0,1.17609,-101.279,0.549582,0.321857
19430000,0,1.25853,-101.481,0.229009,0.33
19440000,0,1.05671,-102.262,0.875507,0.326167
19450000,0,1.50733,-100.841,0.130162,0.349636
19460000,0,1.16859,-100.282,0.381193,0.360875
19470000,1,1.92885,-102.228,1.24111,0.3715
19480000,0,-1.86301,-101.66,0.38381,0.344
19490000,0,1.31721,-100.647,0.397422,0.349
19500000,0,0.869695,-101.442,0.222009,0.282
19510000,0,-3.17243,-100.679,1.63888,0.358857
19520000,0,0.776399,-101.16,0.73633,0.301
19530000,0,0.0275631,-102.742,1.39028,0.328
19540000,0,0.733728,-101.752,0.60566,0.338913
19550000,0,0.25579,-101.553,1.15455,0.265
19560000,0,0.986181,-100.84,0.65995,0.3136
19570000,0,1.2079,-100.048,0.560568,0.338667
19580000,0,1.53996,-101.651,0.165752,0.345
19590000,0,0.938265,-100.385,0.93928,0.323833
19600000,0,1.82999,-100.136,0.0448564,0.335
19610000,0,0.69467,-101.958,0.35774,0.3165
19620000,0,-1.2189,-100.288,0.0967338,0.39225
19630000,0,1.0332,-103.19,0.0406124,0.32
19640000,0,-1.45457,-100.427,3.16003,0.351
19650000,0,1.2946,-100.621,0.251751,0.332
19660000,0,0.88361,-103.409,0.259716,0.337333
19670000,0,1.6293,-100.211,0.273467,0.373
19680000,0,1.82219,-100.582,0.103433,0.338
19690000,0,-0.367328,-102.231,1.52257,0.332
19700000,0,-0.0854283,-101.26,1.75308,0.343
19710000,0,0.0565186,-100.412,1.40063,0.3485
19720000,0,1.7745,-100.335,0.0405975,0.3331
19730000,0,1.42948,-101.924,0.298184,0.328
19740000,1,1.86742,-104.403,1.13247,0.3426
19750000,0,0.395393,-101.343,1.42028,0.284
19760000,0,0.424601,-100.131,1.46101,0.388
19770000,0,1.01119,-101.967,0.698247,0.2955
19780000,0,1.41109,-100.422,0.121075,0.331
19790000,0,-0.035863,-101.061,0.102252,0.328889
19800000,0,1.82477,-100.276,0.0458331,0.338385
19810000,0,0.938747,-101.172,0.55835,0.337
19820000,0,1.41617,-100.538,0.444656,0.303
19830000,0,1.28173,-101.481,0.13918,0.393
19840000,0,1.4009,-101.481,0.292585,0.321
19850000,0,-0.580684,-100.165,1.79879,0.369
19860000,1,0.263096,-102.777,1.96682,0.374
19870000,0,-1.73421,-100.772,1.1249,0.353
19880000,0,1.77672,-100.994,0.0751665,0.286
19890000,0,0.589785,-100.108,0.88566,0.326273
19900000,0,1.40216,-100.737,0.185208,0.3585
19910000,0,0.900747,-101.085,0.465382,0.307875
19920000,0,1.79173,-100.38,0.0453398,0.324
19930000,0,0.755223,-101.255,0.541566,0.385
19940000,0,0.295157,-101.648,0.61194,0.27
19950000,0,1.63869,-100.438,0.0974714,0.317
19960000,0,1.41557,-101.152,0.0959298,0.316
19970000,0,0.784257,-101.081,0.421799,0.28
19980000,0,1.80044,-100.297,0.0159619,0.383
19990000,0,1.55009,-101.334,0.33903,0.334
